-331695.738     0.347     0.00    9.69
-331408.064    -0.913    -4.38    8.77
-331120.378    -1.101    -0.65    8.63
-330832.680    -2.454    -4.70    8.16
-330544.970    -3.513    -3.68    8.08
-330257.249    -4.901    -4.82    6.67
-329969.515    -4.970    -0.24    6.19
-329681.769    -4.489     1.67    5.13
-329394.012    -3.110     4.79    5.80
-329106.242    -1.450     5.77    6.31
-328818.461    -0.045     4.88    6.88
-328530.667     1.585     5.66    7.64
-328242.862     2.730     3.98    8.21
-327955.045     3.391     2.30    9.06
-327667.215     5.440     7.12   11.29
-327379.374     5.903     1.61   11.65
-327091.521     5.859    -0.15   11.96
-326803.655     5.816    -0.15   11.27
-326515.778     7.607     6.22   11.79
-326227.889     7.437    -0.59   11.19
-325939.988     9.799     8.20   11.05
-325652.075    11.553     6.09   11.83
-325364.149    15.219    12.73   10.83
-325076.212    16.571     4.70    9.74
-324788.263    17.284     2.47    8.04
-324500.302    14.955    -8.08    8.39
-324212.329    13.375    -5.49    8.60
-323924.344    10.361   -10.46    7.80
-323636.347     8.684    -5.82    6.87
-323348.338     7.191    -5.18    6.96
-323060.317     6.934    -0.89    7.51
-322772.283     8.284     4.69    8.11
-322484.238    10.164     6.53   10.07
-322196.181    13.602    11.93   11.29
-321908.112    16.299     9.36   11.52
-321620.031    19.761    12.01   12.26
-321331.938    22.530     9.61   12.20
-321043.832    25.511    10.35   12.39
-320755.715    29.363    13.37   12.38
-320467.586    29.955     2.06   12.17
-320179.445    30.084     0.44   13.60
-319891.291    28.627    -5.05   15.49
-319603.126    27.606    -3.54   16.57
-319314.949    25.474    -7.40   16.41
-319026.759    23.205    -7.87   16.24
-318738.558    21.690    -5.26   15.79
-318450.344    21.346    -1.19   14.65
-318162.119    22.920     5.46   15.75
-317873.881    25.068     7.45   15.26
-317585.632    27.332     7.85   14.64
-317297.370    30.268    10.18   14.96
-317009.096    36.315    20.97   16.67
-316720.811    44.011    26.69   22.56
-316432.513    50.053    20.95   24.82
-316144.203    58.390    28.91   27.78
-315855.881    65.174    23.53   31.55
-315567.547    76.668    39.85   42.58
-315279.201    89.106    43.13   51.35
-314990.843   103.268    49.10   67.90
-314702.473   114.468    38.83   72.10
-314414.090   131.693    59.71   82.04
-314125.696   138.314    22.96   82.14
-313837.289   143.440    17.77   74.72
-313548.871   142.190    -4.33   67.66
-313260.440   134.397   -27.01   61.51
-312971.998   122.659   -40.68   54.88
-312683.543   111.545   -38.52   49.83
-312395.076    97.190   -49.75   47.41
-312106.597    81.538   -54.25   40.24
-311818.106    70.905   -36.85   30.28
-311529.603    61.546   -32.43   24.61
-311241.088    53.708   -27.16   22.77
-310952.560    47.970   -19.88   21.13
-310664.021    44.147   -13.25   20.32
-310375.469    45.985     6.37   22.23
-310086.906    46.221     0.82   24.76
-309798.330    44.717    -5.21   25.38
-309509.742    41.207   -12.16   26.32
-309221.142    40.237    -3.36   25.67
-308932.530    42.161     6.66   23.81
-308643.906    38.375   -13.11   24.28
-308355.269    36.846    -5.29   21.57
-308066.621    34.558    -7.93   21.62
-307777.960    31.345   -11.13   23.33
-307489.287    27.490   -13.35   22.63
-307200.603    21.080   -22.20   21.54
-306911.906    17.087   -13.83   18.14
-306623.196    14.345    -9.49   14.52
-306334.475    14.011    -1.16   14.40
-306045.742    12.415    -5.53   13.13
-305756.996    10.991    -4.93   15.30
-305468.238     7.761   -11.19   12.27
-305179.469     7.147    -2.12   11.41
-304890.687     5.268    -6.50   10.02
-304601.892     5.602     1.15    9.70
-304313.086     6.217     2.13    9.61
-304024.268     6.674     1.58    9.33
-303735.437     9.363     9.31    9.93
-303446.594    10.561     4.15   10.52
-303157.739    12.822     7.83   10.47
-302868.872    14.143     4.57    9.82
-302579.993    13.347    -2.75   11.38
-302291.101    11.526    -6.30   11.29
-302002.198     9.203    -8.04   11.46
-301713.282     6.422    -9.62   12.13
-301424.354     4.176    -7.77   11.16
-301135.414     3.207    -3.35    9.99
-300846.461     3.080    -0.44   10.11
-300557.497     4.380     4.50   11.31
-300268.520     7.996    12.51   12.94
-299979.531    12.832    16.73   13.35
-299690.530    17.205    15.13   11.91
-299401.517    20.791    12.40   11.06
-299112.491    24.022    11.18    8.49
-298823.453    25.377     4.69    7.82
-298534.404    26.534     4.00    6.82
-298245.341    27.434     3.11    6.90
-297956.267    26.481    -3.30    7.47
-297667.181    26.102    -1.31    7.97
-297378.082    25.866    -0.82    8.37
-297088.971    25.622    -0.84    7.72
-296799.848    24.376    -4.31    8.06
-296510.712    23.138    -4.28    8.30
-296221.565    22.534    -2.09    8.59
-295932.405    21.268    -4.38    7.72
-295643.233    20.556    -2.46    7.78
-295354.048    18.637    -6.63    8.74
-295064.852    17.760    -3.03    8.58
-294775.643    18.405     2.23    9.35
-294486.422    20.090     5.83    9.40
-294197.189    22.314     7.69    9.72
-293907.944    23.162     2.93    8.50
-293618.686    24.587     4.92    7.85
-293329.416    26.935     8.12    6.97
-293040.134    28.268     4.61    6.63
-292750.839    28.050    -0.75    6.89
-292461.532    27.534    -1.79    8.11
-292172.213    28.224     2.39    8.89
-291882.882    29.935     5.91    9.54
-291593.539    30.821     3.06    9.67
-291304.183    31.174     1.22   10.28
-291014.815    32.070     3.10    9.63
-290725.435    31.376    -2.40   10.27
-290436.042    28.705    -9.23   10.03
-290146.637    27.361    -4.65   11.01
-289857.220    24.468    -9.99   11.09
-289567.791    23.018    -5.01   11.01
-289278.349    21.002    -6.96   11.57
-288988.895    22.606     5.54   10.47
-288699.429    24.254     5.69   10.82
-288409.951    25.026     2.67    9.85
-288120.460    25.821     2.75    9.76
-287830.957    25.448    -1.29    9.98
-287541.442    25.471     0.08   10.23
-287251.914    23.967    -5.19    9.60
-286962.374    22.208    -6.07    9.23
-286672.822    20.537    -5.77    9.47
-286383.257    20.056    -1.66   10.16
-286093.680    20.925     3.00   10.41
-285804.091    20.799    -0.44    9.99
-285514.490    21.661     2.98    9.06
-285224.876    21.407    -0.88   10.78
-284935.250    22.862     5.02    9.77
-284645.611    22.514    -1.20   10.71
-284355.961    22.268    -0.85   10.98
-284066.298    20.471    -6.20   12.74
-283776.622    18.955    -5.23   13.63
-283486.934    17.125    -6.32   14.64
-283197.234    14.405    -9.39   15.96
-282907.522    12.011    -8.26   15.96
-282617.797     9.372    -9.11   15.44
-282328.060     5.507   -13.33   15.21
-282038.311     2.330   -10.96   14.02
-281748.549    -0.283    -9.02   13.78
-281458.775    -1.901    -5.58   14.21
-281168.989    -5.582   -12.70   12.85
-280879.190    -7.895    -7.98   12.82
-280589.379    -9.368    -5.08   12.44
-280299.556   -10.993    -5.61   11.50
-280009.720   -13.636    -9.12   10.92
-279719.872   -15.550    -6.60   10.09
-279430.011   -17.288    -6.00    9.09
-279140.138   -17.563    -0.95    9.92
-278850.253   -17.378     0.64   10.16
-278560.355   -16.607     2.66   10.28
-278270.445   -14.888     5.93   11.18
-277980.523   -13.923     3.33    9.70
-277690.632   -14.547    -2.15    9.33
-277403.339   -16.413    -6.49    9.06
-277116.033   -19.128    -9.45    9.17
-276828.715   -22.119   -10.41    8.69
-276541.385   -24.239    -7.38    8.38
-276254.043   -27.016    -9.66    6.82
-275966.688   -29.466    -8.52    5.51
-275679.322   -31.378    -6.65    5.78
-275391.943   -32.883    -5.24    5.65
-275104.553   -34.316    -4.99    5.96
-274817.150   -35.576    -4.38    6.00
-274529.735   -37.383    -6.29    4.48
-274242.308   -38.413    -3.58    4.49
-273954.868   -39.168    -2.62    4.15
-273667.417   -40.239    -3.73    3.01
-273379.953   -40.624    -1.34    3.01
-273092.478   -41.295    -2.33    2.72
-272804.990   -41.826    -1.85    2.47
-272517.490   -42.240    -1.44    2.29
-272229.978   -42.216     0.08    2.34
-271942.453   -42.313    -0.34    2.42
-271654.917   -42.516    -0.71    2.27
-271367.368   -42.550    -0.12    2.35
-271079.807   -42.463     0.30    2.52
-270792.234   -42.448     0.05    2.49
-270504.649   -42.398     0.17    2.37
-270217.052   -42.216     0.63    2.23
-269929.442   -42.593    -1.31    2.03
-269641.820   -42.947    -1.23    2.07
-269354.186   -42.993    -0.16    2.09
-269066.540   -43.398    -1.41    2.05
-268778.882   -43.654    -0.89    1.98
-268491.212   -44.103    -1.56    1.98
-268203.529   -44.310    -0.72    2.00
-267915.834   -44.442    -0.46    2.00
-267628.127   -44.670    -0.79    2.19
-267340.408   -44.870    -0.70    2.26
-267052.676   -44.932    -0.21    2.36
-266764.933   -44.898     0.12    2.35
-266477.177   -44.958    -0.21    2.64
-266189.409   -45.292    -1.16    3.10
-265901.628   -45.732    -1.53    3.13
-265613.836   -45.929    -0.68    3.19
-265326.031   -46.239    -1.08    3.18
-265038.214   -46.019     0.76    4.04
-264750.385   -45.998     0.08    4.28
-264462.544   -45.929     0.24    4.26
-264174.690   -46.184    -0.89    4.15
-263886.824   -45.974     0.73    4.10
-263598.946   -45.978    -0.01    3.99
-263311.056   -45.898     0.28    3.90
-263023.153   -46.070    -0.60    3.83
-262735.239   -45.120     3.30    5.05
-262447.312   -44.748     1.29    5.23
-262159.372   -44.055     2.40    5.71
-261871.421   -43.609     1.55    6.66
-261583.457   -42.580     3.57    7.76
-261295.481   -42.886    -1.06    7.35
-261007.493   -42.655     0.80    7.07
-260719.492   -43.532    -3.04    6.07
-260431.480   -44.116    -2.03    5.04
-260143.455   -44.232    -0.40    5.04
-259855.418   -44.090     0.49    4.89
-259567.368   -43.493     2.07    5.79
-259279.306   -42.641     2.96    6.33
-258991.232   -41.301     4.65    6.82
-258703.146   -39.749     5.39    7.02
-258415.047   -38.125     5.63    6.90
-258126.936   -36.542     5.50    6.40
-257838.813   -35.916     2.17    6.01
-257550.678   -36.368    -1.57    5.87
-257262.530   -36.101     0.93    6.57
-256974.370   -37.209    -3.84    6.86
-256686.198   -38.304    -3.80    6.85
-256398.013   -39.486    -4.10    6.53
-256109.816   -40.045    -1.94    6.87
-255821.607   -40.671    -2.17    6.55
-255533.386   -40.624     0.16    6.80
-255245.152   -39.686     3.25    7.09
-254956.906   -38.620     3.70    6.86
-254668.648   -38.216     1.40    6.06
-254380.377   -38.152     0.22    5.62
-254092.094   -37.747     1.40    6.34
-253803.799   -36.535     4.21    6.46
-253515.491   -33.870     9.24    9.23
-253227.171   -32.748     3.89    9.23
-252938.839   -31.086     5.76   10.68
-252650.495   -30.097     3.43   10.13
-252362.138   -29.653     1.54    8.86
-252073.769   -30.424    -2.67    7.67
-251785.387   -31.839    -4.91    6.71
-251496.993   -31.086     2.61    8.21
-251208.587   -30.256     2.88    9.28
-250920.169   -29.156     3.81    9.91
-250631.738   -28.848     1.07   10.71
-250343.295   -28.338     1.77   11.72
-250054.839   -26.627     5.93   12.82
-249766.371   -26.429     0.69   12.97
-249477.891   -23.403    10.49   18.60
-249189.398   -22.638     2.65   19.95
-248900.894   -23.250    -2.12   20.93
-248612.376   -25.178    -6.68   20.01
-248323.847   -26.916    -6.02   17.75
-248035.305   -28.193    -4.42   13.89
-247746.750   -27.239     3.30   14.51
-247458.184   -25.655     5.49   15.62
-247169.605   -23.576     7.20   17.12
-246881.013   -23.637    -0.21   14.87
-246592.409   -20.686    10.22   18.26
-246303.793   -18.459     7.72   19.38
-246015.165   -17.966     1.71   20.89
-245726.524   -16.642     4.59   21.55
-245437.871   -13.638    10.40   23.11
-245149.205    -9.950    12.78   24.46
-244860.527    -7.209     9.49   25.70
-244571.836    -5.916     4.48   24.19
-244283.133    -4.080     6.36   23.91
-243994.418    -1.050    10.49   22.67
-243705.691    -0.316     2.54   21.55
-243416.951    -1.620    -4.51   20.24
-243128.198    -3.459    -6.37   18.69
-242839.433    -5.458    -6.92   16.69
-242550.656    -5.216     0.84   17.14
-242261.867    -6.656    -4.98   15.96
-241973.065    -9.839   -11.02   16.71
-241684.250   -12.232    -8.28   15.65
-241395.423   -13.974    -6.03   15.18
-241106.584   -15.610    -5.66   14.10
-240817.732   -16.857    -4.32   12.29
-240528.868   -16.625     0.80   11.26
-240239.992   -15.763     2.99   11.34
-239951.103   -15.322     1.52   11.62
-239662.201   -14.474     2.93   11.51
-239373.287   -15.065    -2.04   11.46
-239084.361   -13.910     4.00   11.86
-238795.423   -13.295     2.13   11.72
-238506.471   -14.868    -5.44   11.59
-238217.508   -17.748    -9.96   11.66
-237928.532   -19.970    -7.69   11.27
-237639.543   -22.431    -8.51   11.60
-237350.543   -25.045    -9.04   10.36
-237061.529   -26.907    -6.44    9.40
-236772.503   -28.982    -7.18    8.82
-236483.465   -29.701    -2.49    8.88
-236194.414   -29.932    -0.80    8.63
-235905.351   -29.007     3.20   10.51
-235616.276   -26.368     9.13   13.60
-235327.188   -22.620    12.96   16.59
-235038.087   -18.989    12.56   19.44
-234748.974   -16.039    10.20   21.30
-234459.849   -11.838    14.53   26.41
-234170.711    -8.123    12.85   29.59
-233881.560    -1.625    22.47   35.05
-233592.397     2.855    15.49   35.28
-233303.222     3.799     3.26   34.54
-233014.034     5.330     5.29   33.11
-232724.834     7.037     5.90   32.96
-232435.621     6.752    -0.99   33.39
-232146.395     8.671     6.63   32.93
-231857.158     9.087     1.44   33.82
-231567.907    10.090     3.47   35.31
-231278.644    14.868    16.52   37.12
-230989.369    16.678     6.25   34.94
-230700.081    18.253     5.45   34.81
-230410.781    19.991     6.01   34.40
-230121.468    20.145     0.53   34.62
-229832.143    24.217    14.07   33.59
-229542.805    22.071    -7.41   33.49
-229253.454    21.866    -0.71   32.95
-228964.092    18.708   -10.91   33.64
-228674.716    13.708   -17.28   32.29
-228385.328     7.284   -22.20   32.16
-228095.928    -1.576   -30.61   31.97
-227806.515   -12.458   -37.60   31.18
-227517.089   -22.638   -35.17   28.34
-227227.651   -31.171   -29.48   24.41
-226938.201   -37.839   -23.03   19.17
-226648.738   -43.123   -18.25   13.52
-226359.262   -46.080   -10.21    6.30
-226069.774   -46.816    -2.54    3.92
-225780.273   -45.747     3.69    4.33
-225490.760   -45.910    -0.57    3.12
-225201.234   -45.851     0.21    2.83
-224911.696   -46.239    -1.34    2.78
-224622.145   -46.778    -1.86    2.63
-224332.581   -47.233    -1.57    2.63
-224043.005   -47.886    -2.25    2.37
-223753.416   -48.270    -1.33    2.10
-223463.815   -48.686    -1.43    1.49
-223174.202   -48.550     0.47    1.87
-222884.575   -48.447     0.36    1.94
-222594.936   -48.535    -0.30    2.09
-222305.285   -48.571    -0.13    2.10
-222015.621   -48.809    -0.82    2.05
-221725.944   -48.944    -0.47    2.04
-221436.255   -48.910     0.11    2.04
-221146.553   -49.239    -1.13    1.43
-220856.839   -49.171     0.23    1.34
-220567.112   -48.850     1.11    1.14
-220277.373   -48.716     0.46    1.23
-219987.620   -48.463     0.88    1.46
-219697.856   -48.478    -0.05    1.60
-219408.078   -48.224     0.87    1.87
-219118.288   -47.686     1.86    2.18
-218828.486   -47.399     0.99    2.27
-218538.671   -46.637     2.63    2.43
-218248.843   -46.116     1.80    2.46
-217959.003   -45.444     2.32    3.41
-217669.150   -44.639     2.77    4.12
-217379.284   -43.055     5.47    4.99
-217089.406   -40.035    10.42    8.40
-216799.515   -36.383    12.59   12.76
-216509.612   -27.474    30.73   22.13
-216219.696   -16.000    39.57   33.12
-215929.767    -0.580    53.18   45.04
-215639.826    19.254    68.40   61.45
-215351.498    38.099    65.35   62.33
-215064.237    51.397    46.28   58.35
-214776.964    57.837    22.42   56.15
-214489.678    79.284    74.64   54.14
-214202.381    96.405    59.58   61.77
-213915.070   110.776    50.01   62.83
-213627.748   117.391    23.02   65.56
-213340.413   127.991    36.88   75.95
-213053.065   147.719    68.64   88.23
-212765.706   158.730    38.31  108.09
-212478.333   171.162    43.26  123.98
-212190.949   170.761    -1.40  126.48
-211903.552   164.961   -20.18  117.33
-211616.143   174.193    32.12  104.98
-211328.721   178.348    14.46   90.74
-211041.287   181.647    11.48   81.96
-210753.840   181.203    -1.55   84.80
-210466.382   184.565    11.69   89.21
-210178.910   185.514     3.30   92.15
-209891.427   184.253    -4.39   91.64
-209603.930   183.684    -1.98   87.41
-209316.422   184.251     1.97   74.19
-209028.901   205.390    73.51   80.47
-208741.368   227.864    78.15   97.01
-208453.822   267.868   139.10  109.17
-208166.264   306.056   132.78  122.09
-207878.693   352.723   162.25  127.30
-207591.110   404.791   181.03  128.28
-207303.514   445.390   141.14  125.92
-207015.907   469.950    85.38  128.82
-206728.286   484.346    50.04  135.02
-206440.653   508.209    82.95  133.50
-206153.008   514.463    21.74  123.88
-205865.351   518.222    13.07  110.85
-205577.681   509.053   -31.87  102.45
-205289.998   490.950   -62.92  105.14
-205002.303   469.839   -73.37  123.05
-204714.596   438.071  -110.40  129.41
-204426.876   394.935  -149.90  137.21
-204139.143   341.034  -187.30  124.72
-203851.399   302.090  -135.32  101.22
-203563.641   269.991  -111.53   70.73
-203275.872   255.734   -49.54   40.71
-202988.089   265.637    34.41   51.13
-202700.295   300.222   120.15   90.40
-202412.488   344.632   154.28  125.11
-202124.668   414.468   242.60  150.56
-201836.836   493.424   274.27  163.14
-201548.992   577.268   291.24  170.99
-201261.134   659.814   286.72  173.58
-200973.265   746.601   301.44  182.47
-200685.383   844.607   340.39  200.82
-200397.489   942.738   340.81  202.08
-200109.582  1020.162   268.88  186.81
-199821.662  1077.096   197.71  180.42
-199533.730  1130.929   186.94  183.68
-199245.786  1161.117   104.82  196.81
-198957.829  1188.606    95.45  202.23
-198669.859  1203.450    51.54  188.98
-198381.878  1214.784    39.35  170.71
-198093.883  1238.955    83.92  132.69
-197805.876  1254.981    55.63   94.01
-197517.857  1265.222    35.55   52.99
-197229.825  1260.606   -16.02   44.89
-196941.780  1264.745    14.37   45.26
-196653.723  1276.580    41.08   48.38
-196365.654  1300.178    81.90   57.60
-196077.572  1327.330    94.24   74.60
-195789.477  1369.534   146.47   93.15
-195501.370  1422.807   184.88   97.10
-195213.251  1472.234   171.53   99.04
-194925.118  1513.346   142.66   93.25
-194636.974  1541.702    98.39   73.67
-194348.817  1555.753    48.76   57.87
-194060.647  1546.687   -31.46   63.10
-193772.465  1520.162   -92.03   84.94
-193484.270  1474.989  -156.72  102.34
-193196.062  1423.481  -178.69  108.02
-192907.842  1376.871  -161.69  101.62
-192619.610  1334.955  -145.40   77.82
-192331.365  1318.176   -58.20   51.41
-192043.107  1316.830    -4.67   50.06
-191754.837  1327.022    35.35   58.78
-191466.554  1334.490    25.90   60.49
-191178.259  1340.437    20.63   59.06
-190889.951  1341.730     4.48   61.51
-190601.631  1333.284   -29.29   66.21
-190313.298  1312.708   -71.35   60.41
-190024.952  1288.814   -82.85   44.60
-189736.594  1270.751   -62.63   31.50
-189448.224  1263.117   -26.47   29.97
-189159.840  1254.703   -29.17   33.68
-188871.444  1239.761   -51.80   46.04
-188583.036  1221.390   -63.69   54.27
-188294.615  1204.145   -59.78   58.65
-188006.181  1180.627   -81.52   68.76
-187717.735  1157.887   -78.83   70.94
-187429.276  1148.905   -31.13   65.93
-187140.805  1148.299    -2.10   66.05
-186852.321  1162.221    48.25   74.04
-186563.824  1191.176   100.35   89.90
-186275.315  1228.238   128.44   91.56
-185986.793  1256.330    97.35   77.05
-185698.259  1279.653    80.82   60.06
-185409.712  1281.825     7.53   58.85
-185121.152  1276.981   -16.78   64.62
-184832.580  1257.950   -65.94   69.97
-184543.995  1228.373  -102.48   69.09
-184255.398  1201.591   -92.79   64.93
-183966.787  1164.668  -127.92   79.52
-183678.165  1126.362  -132.70   96.20
-183389.529  1081.395  -155.77  108.98
-183100.881  1042.099  -136.12  104.21
-182812.221  1009.890  -111.57   86.74
-182523.547   987.114   -78.89   67.50
-182234.862   973.643   -46.66   59.40
-181946.163   974.068     1.47   63.36
-181657.452   972.367    -5.89   68.03
-181368.728   968.377   -13.82   76.30
-181079.991   946.672   -75.16   81.78
-180791.242   939.225   -25.79   81.64
-180502.480   927.478   -40.68   80.75
-180213.706   915.844   -40.28   76.64
-179924.919   902.363   -46.68   68.25
-179636.119   896.514   -20.25   70.41
-179347.307   894.068    -8.47   71.97
-179058.482   904.745    36.96   76.62
-178769.644   906.868     7.35   82.63
-178480.793   906.822    -0.16   85.38
-178191.930   910.376    12.30   93.73
-177903.054   907.317   -10.59   91.64
-177614.166   900.162   -24.76   92.51
-177325.265   887.746   -42.97   87.57
-177036.351   873.970   -47.68   84.54
-176747.425   861.940   -41.63   79.89
-176458.485   860.571    -4.74   79.98
-176169.533   867.622    24.40   87.49
-175880.569   882.602    51.83   94.20
-175591.592   893.807    38.77   92.64
-175302.602   911.071    59.73   85.36
-175013.599   920.526    32.71   79.00
-174724.584   931.071    36.48   73.28
-174435.555   922.145   -30.88   80.37
-174146.515   929.415    25.15   68.17
-173857.461   932.481    10.61   68.68
-173568.395   953.511    72.74   51.75
-173279.316   960.372    23.73   44.52
-172990.224   969.071    30.09   33.61
-172701.120   970.147     3.72   29.12
-172412.003   968.864    -4.44   29.51
-172122.873   962.814   -20.92   30.52
-171833.731   948.490   -49.53   38.07
-171544.575   934.284   -49.12   41.40
-171255.407   925.970   -28.75   39.36
-170966.227   922.859   -10.76   36.39
-170677.033   917.829   -17.39   32.30
-170387.827   915.569    -7.81   32.00
-170098.608   917.208     5.66   35.09
-169809.376   922.884    19.62   35.50
-169520.132   926.071    11.02   37.36
-169230.875   928.945     9.93   37.27
-168941.605   928.950     0.02   35.38
-168652.322   925.493   -11.95   34.36
-168363.027   918.556   -23.98   35.23
-168073.718   906.026   -43.31   44.37
-167784.398   889.714   -56.37   50.32
-167495.064   867.541   -76.63   61.34
-167205.717   838.087  -101.78   68.28
-166916.358   819.674   -63.62   66.71
-166626.986   800.188   -67.33   70.34
-166337.601   786.253   -48.15   72.62
-166048.204   774.518   -40.55   68.93
-165758.793   763.481   -38.13   71.61
-165469.370   736.514   -93.16   91.64
-165179.934   688.617  -165.46  123.12
-164890.485   646.638  -145.01  116.58
-164601.024   631.753   -51.42  103.36
-164311.550   623.026   -30.15   89.99
-164022.063   628.252    18.05   85.13
-163732.563   647.511    66.52   89.41
-163443.050   670.723    80.17   75.82
-163153.525   698.768    96.85   54.74
-162863.986   703.998    18.06   45.87
-162574.435   708.191    14.48   47.76
-162284.871   707.601    -2.04   47.55
-161995.295   707.465    -0.47   49.02
-161705.705   703.162   -14.86   47.07
-161416.103   699.617   -12.24   48.45
-161126.487   693.284   -21.87   49.62
-160836.860   677.738   -53.67   54.89
-160547.219   666.090   -40.21   53.87
-160257.565   653.361   -43.94   56.20
-159967.899   626.920   -91.27   76.93
-159678.219   579.853  -162.46  108.71
-159388.527   525.411  -187.91  130.58
-159098.822   459.002  -229.20  146.60
-158809.104   391.268  -233.77  140.44
-158519.374   332.363  -203.29  108.77
-158229.630   306.391   -89.63   76.08
-157939.874   319.662    45.80   99.43
-157650.105   350.981   108.07  120.69
-157360.323   393.122   145.41  122.37
-157070.528   430.561   129.17  101.56
-156780.720   460.807   104.36   71.87
-156490.900   471.253    36.04   52.13
-156201.066   461.714   -32.91   56.55
-155911.220   440.930   -71.70   60.55
-155621.361   418.030   -79.00   64.08
-155331.489   395.914   -76.28   69.82
-155041.604   387.622   -28.60   64.76
-154751.706   383.799   -13.19   57.28
-154461.795   395.178    39.24   55.23
-154171.872   405.193    34.54   50.11
-153881.935   417.541    42.59   45.68
-153591.986   434.009    56.79   41.86
-153302.513   447.545    46.75   40.31
-153015.296   456.143    29.93   34.57
-152728.065   460.556    15.36   34.29
-152440.822   464.496    13.71   30.15
-152153.567   466.407     6.65   27.62
-151866.299   466.627     0.77   26.15
-151579.018   460.499   -21.33   28.50
-151291.725   446.714   -47.98   39.29
-151004.419   430.477   -56.51   58.01
-150717.100   403.299   -94.58   85.18
-150429.769   377.329   -90.37  101.88
-150142.425   343.496  -117.73  112.78
-149855.069   308.791  -120.76  117.10
-149567.700   271.981  -128.08  120.04
-149280.318   238.167  -117.65  118.97
-148992.923   203.514  -120.56  110.03
-148705.516   169.896  -116.96   93.28
-148418.097   141.328   -99.38   67.16
-148130.664   118.935   -77.90   44.02
-147843.219   100.224   -65.09   27.70
-147555.762    92.760   -25.96   20.11
-147268.292    94.792     7.07   24.21
-146980.809   100.745    20.71   29.94
-146693.313   104.344    12.52   31.49
-146405.805   107.695    11.65   30.94
-146118.284   112.537    16.84   32.00
-145830.750   114.905     8.23   30.70
-145543.204   112.984    -6.68   27.97
-145255.645   111.693    -4.49   27.01
-144968.073   110.502    -4.14   25.84
-144680.489   107.905    -9.03   23.93
-144392.892   102.844   -17.59   20.01
-144105.283    96.976   -20.40   18.60
-143817.660    93.474   -12.17   17.49
-143530.025    91.565    -6.64   15.80
-143242.377    93.208     5.71   15.91
-142954.717    93.395     0.65   15.05
-142667.044    93.940     1.89   14.35
-142379.358    93.376    -1.96   13.67
-142091.660    92.026    -4.69   13.33
-141803.948    91.545    -1.67   13.66
-141516.225    89.496    -7.12   13.86
-141228.488    86.513   -10.36   12.86
-140940.739    83.859    -9.22   12.70
-140652.977    83.373    -1.69   10.85
-140365.202    84.905     5.32   12.43
-140077.414    86.041     3.95   12.39
-139789.614    85.143    -3.12   13.68
-139501.801    83.541    -5.56   14.72
-139213.976    83.490    -0.18   15.45
-138926.137    83.015    -1.65   16.28
-138638.286    84.881     6.48   19.30
-138350.423    89.239    15.14   23.20
-138062.546    96.373    24.78   29.88
-137774.657   103.514    24.80   32.33
-137486.755   108.534    17.43   32.38
-137198.840   108.056    -1.66   36.72
-136910.912   108.815     2.63   39.60
-136622.972   102.965   -20.31   41.22
-136335.019    93.687   -32.22   39.26
-136047.053    80.437   -46.00   31.69
-135759.075    72.684   -26.92   25.22
-135471.084    69.744   -10.21   21.83
-135183.080    74.130    15.23   26.76
-134895.063    87.950    47.98   38.44
-134607.033   104.537    57.58   46.11
-134318.991   118.576    48.73   45.03
-134030.936   128.359    33.96   39.32
-133742.868   130.090     6.01   37.07
-133454.788   122.162   -27.52   40.91
-133166.694   111.767   -36.08   40.47
-132878.588    96.868   -51.71   31.49
-132590.469    85.627   -39.01   24.10
-132302.337    75.162   -36.31   18.30
-132014.193    72.859    -7.99   17.30
-131726.036    70.509    -8.15   13.04
-131437.865    68.768    -6.04   15.10
-131149.683    70.364     5.54   21.66
-130861.487    72.708     8.13   23.02
-130573.278    71.514    -4.14   24.04
-130285.057    70.647    -3.01   24.95
-129996.823    70.668     0.07   27.15
-129708.576    73.496     9.81   30.99
-129420.317    75.506     6.97   31.87
-129132.044    77.511     6.95   32.22
-128843.759    82.390    16.92   32.05
-128555.461    85.592    11.11   32.93
-128267.150    81.191   -15.26   28.10
-127978.826    77.363   -13.28   21.71
-127690.489    75.026    -8.10   19.17
-127402.140    72.171    -9.90   17.84
-127113.778    72.329     0.55   20.36
-126825.403    69.567    -9.58   21.43
-126537.015    69.478    -0.31   27.55
-126248.614    67.373    -7.30   27.69
-125960.200    65.853    -5.27   24.07
-125671.774    66.760     3.14   24.75
-125383.335    66.714    -0.16   23.88
-125094.883    71.761    17.49   26.50
-124806.418    78.329    22.77   27.78
-124517.940    85.284    24.11   27.65
-124229.449    90.807    19.14   27.23
-123940.946    99.637    30.61   28.69
-123652.429   106.317    23.15   30.62
-123363.900   118.814    43.31   32.96
-123075.358   128.090    32.14   28.21
-122786.803   127.328    -2.64   27.88
-122498.235   121.011   -21.89   31.48
-122209.655   109.806   -38.82   36.73
-121921.061    98.235   -40.09   38.17
-121632.455    88.238   -34.64   34.80
-121343.835    75.237   -45.04   25.08
-121055.203    67.465   -26.92   20.83
-120766.558    61.359   -21.15   16.28
-120477.900    58.358   -10.40   14.07
-120189.229    53.890   -15.48   10.81
-119900.546    52.054    -6.36    9.02
-119611.849    50.208    -6.39    8.60
-119323.139    48.268    -6.72    8.86
-119034.417    46.075    -7.60    7.24
-118745.682    44.208    -6.46    6.03
-118456.934    42.690    -5.26    5.28
-118168.172    40.655    -7.05    4.87
-117879.398    38.965    -5.85    5.72
-117590.611    37.684    -4.44    5.23
-117301.812    35.899    -6.18    4.56
-117012.999    34.405    -5.17    4.43
-116724.173    32.799    -5.56    4.03
-116435.335    32.102    -2.41    3.79
-116146.483    32.348     0.85    4.19
-115857.619    32.920     1.98    4.62
-115568.741    32.455    -1.61    5.11
-115279.851    33.026     1.97    5.86
-114990.948    33.632     2.10    5.82
-114702.032    36.037     8.32    8.35
-114413.102    38.188     7.44   10.84
-114124.160    41.530    11.56   12.29
-113835.205    45.376    13.31   12.18
-113546.237    49.601    14.62   10.44
-113257.257    53.132    12.22    9.77
-112968.263    55.853     9.41    8.79
-112679.256    56.617     2.64    8.26
-112390.236    57.112     1.71    7.84
-112101.204    57.662     1.91    7.31
-111812.158    58.058     1.37    7.43
-111523.099    57.914    -0.50    6.83
-111234.028    57.693    -0.77    6.72
-110944.943    57.499    -0.67    6.70
-110655.846    58.099     2.08    7.08
-110366.735    59.565     5.07    7.73
-110077.612    61.571     6.94    8.29
-109788.475    63.252     5.81    7.06
-109499.326    62.935    -1.10    7.13
-109210.164    61.961    -3.37    7.14
-108920.988    60.132    -6.32    6.88
-108631.800    59.191    -3.25    6.82
-108342.598    57.753    -4.97    6.43
-108053.384    56.832    -3.19    6.45
-107764.157    55.582    -4.32    6.59
-107474.916    54.208    -4.75    6.73
-107185.663    54.268     0.21    7.24
-106896.397    53.637    -2.18    7.21
-106607.117    53.380    -0.89    6.77
-106317.825    52.435    -3.27    6.80
-106028.520    51.074    -4.70    6.42
-105739.201    49.026    -7.08    6.07
-105449.870    48.191    -2.88    5.83
-105160.525    47.388    -2.78    5.60
-104871.168    46.791    -2.06    4.66
-104581.798    46.587    -0.71    4.06
-104292.414    46.934     1.20    3.67
-104003.018    47.253     1.10    2.98
-103713.608    47.723     1.62    2.55
-103424.185    47.901     0.62    2.89
-103134.750    47.807    -0.33    2.66
-102845.301    47.363    -1.53    2.80
-102555.840    46.996    -1.27    2.95
-102266.365    47.203     0.72    3.71
-101976.877    47.708     1.74    4.78
-101687.376    49.314     5.55    6.31
-101397.862    50.507     4.12    6.99
-101108.335    50.571     0.22    6.70
-100818.795    52.068     5.17    6.85
-100529.242    53.379     4.53    6.64
-100239.676    55.238     6.42    7.72
 -99950.097    58.087     9.84   10.20
 -99660.505    59.702     5.58   10.61
 -99370.900    60.761     3.66   10.43
 -99081.281    59.173    -5.48   11.38
 -98791.650    56.390    -9.61   12.00
 -98502.005    54.945    -4.99   11.75
 -98212.348    53.890    -3.64   11.09
 -97922.677    52.768    -3.87    9.41
 -97632.993    51.881    -3.06   10.30
 -97343.296    50.945    -3.23   10.54
 -97053.586    50.053    -3.08   10.90
 -96763.863    49.659    -1.36   10.57
 -96474.127    48.768    -3.07    9.26
 -96184.378    48.791     0.08   10.33
 -95894.616    50.481     5.83   11.08
 -95604.840    52.950     8.52   12.01
 -95315.052    56.361    11.77   12.94
 -95025.250    58.582     7.67   13.74
 -94735.436    60.743     7.45   13.39
 -94445.608    61.920     4.06   13.92
 -94155.767    61.844    -0.26   15.74
 -93865.913    58.592   -11.22   17.34
 -93576.045    54.099   -15.50   17.38
 -93286.165    48.914   -17.88   13.99
 -92996.272    44.496   -15.24   10.13
 -92706.365    41.542   -10.19    6.37
 -92416.445    41.237    -1.05    5.88
 -92126.513    42.114     3.02    7.19
 -91836.567    43.223     3.82    8.34
 -91546.608    43.191    -0.11    8.62
 -91256.635    42.090    -3.80    8.34
 -90968.751    40.784    -4.54    7.68
 -90681.561    39.358    -4.96    6.23
 -90394.358    37.784    -5.48    4.85
 -90107.142    36.723    -3.69    3.50
 -89819.913    35.753    -3.38    3.04
 -89532.671    35.409    -1.20    2.89
 -89245.417    34.935    -1.65    2.77
 -88958.149    34.364    -1.99    3.03
 -88670.869    34.045    -1.11    2.90
 -88383.576    33.239    -2.81    2.84
 -88096.270    32.693    -1.90    3.08
 -87808.951    31.910    -2.72    3.02
 -87521.619    31.060    -2.96    2.43
 -87234.275    30.655    -1.41    2.35
 -86946.917    30.496    -0.55    2.39
 -86659.547    30.940     1.55    2.73
 -86372.164    31.056     0.41    2.83
 -86084.767    31.011    -0.16    2.86
 -85797.358    31.071     0.21    2.97
 -85509.936    31.090     0.06    3.16
 -85222.502    30.735    -1.23    3.44
 -84935.054    29.587    -4.00    3.26
 -84647.593    28.776    -2.82    2.41
 -84360.120    28.481    -1.03    2.07
 -84072.633    28.361    -0.42    1.95
 -83785.134    28.465     0.36    2.09
 -83497.621    29.030     1.96    2.40
 -83210.096    29.776     2.60    2.72
 -82922.558    30.176     1.39    2.78
 -82635.007    30.839     2.31    3.10
 -82347.443    31.565     2.52    3.13
 -82059.866    32.345     2.71    3.01
 -81772.276    32.526     0.63    2.81
 -81484.673    33.961     4.99    8.21
 -81197.058    38.375    15.35   15.47
 -80909.429    41.169     9.71   16.82
 -80621.787    44.435    11.35   17.27
 -80334.133    49.134    16.34   18.01
 -80046.465    53.602    15.53   18.54
 -79758.785    59.359    20.01   20.17
 -79471.092    65.205    20.32   20.56
 -79183.385    67.420     7.70   21.54
 -78895.666    68.839     4.93   23.45
 -78607.934    70.567     6.01   26.30
 -78320.189    69.090    -5.13   29.93
 -78032.431    66.102   -10.38   31.38
 -77744.659    62.672   -11.92   30.92
 -77456.875    62.401    -0.94   32.11
 -77169.078    60.977    -4.95   31.50
 -76881.268    60.178    -2.78   30.59
 -76593.445    56.784   -11.79   22.11
 -76305.609    56.587    -0.68   18.81
 -76017.760    56.147    -1.53   16.59
 -75729.899    60.358    14.63   17.87
 -75442.024    67.617    25.21   24.22
 -75154.136    77.808    35.40   36.47
 -74866.235    95.208    60.43   49.35
 -74578.321   120.453    87.68   63.68
 -74290.394   142.223    75.61   65.06
 -74002.454   165.345    80.30   64.39
 -73714.501   184.268    65.71   60.07
 -73426.536   206.080    75.74   48.04
 -73138.557   225.068    65.93   30.67
 -72850.565   239.222    49.14   27.20
 -72562.560   250.268    38.35   32.79
 -72274.542   273.571    80.91   43.99
 -71986.511   297.084    81.63   54.21
 -71698.467   322.314    87.59   59.07
 -71410.410   342.361    69.59   56.68
 -71122.340   360.647    63.48   51.05
 -70834.257   372.477    41.06   42.39
 -70546.161   379.075    22.90   38.41
 -70258.052   380.418     4.66   37.65
 -69969.930   380.223    -0.68   35.27
 -69681.795   372.084   -28.25   37.94
 -69393.647   359.606   -43.30   49.59
 -69105.486   338.935   -71.73   65.18
 -68817.312   311.993   -93.49   78.19
 -68529.124   276.905  -121.75   94.70
 -68240.924   244.881  -111.11  102.32
 -67952.711   212.731  -111.54  107.21
 -67664.484   181.328  -108.95  106.27
 -67376.245   149.561  -110.21   97.50
 -67087.992   127.538   -76.40   89.52
 -66799.727   107.130   -70.79   72.77
 -66511.448    93.314   -47.92   59.87
 -66223.156    82.522   -37.43   53.99
 -65934.852    74.149   -29.04   43.07
 -65646.534    68.920   -18.14   32.18
 -65358.203    69.672     2.61   27.37
 -65069.859    77.600    27.50   39.49
 -64781.502    91.617    48.61   49.56
 -64493.132   104.866    45.94   56.83
 -64204.749   118.989    48.97   58.25
 -63916.352   137.693    64.85   63.38
 -63627.943   163.662    90.04   68.46
 -63339.520   182.068    63.81   71.91
 -63051.085   206.252    83.84   78.73
 -62762.636   238.391   111.42   90.60
 -62474.174   289.015   175.49  101.15
 -62185.700   328.887   138.21  107.33
 -61897.212   378.358   171.48  102.66
 -61608.711   417.541   135.81   91.79
 -61320.196   455.864   132.82   75.30
 -61031.669   467.981    41.99   68.20
 -60743.129   480.077    41.92   59.10
 -60454.575   466.090   -48.47   68.66
 -60166.009   448.048   -62.52   79.91
 -59877.429   421.799   -90.96   85.25
 -59588.836   383.875  -131.40   85.87
 -59300.230   359.767   -83.53   78.41
 -59011.611   333.753   -90.13   59.36
 -58722.979   320.068   -47.41   54.63
 -58434.333   321.955     6.54   61.78
 -58145.675   327.745    20.06   73.54
 -57857.003   333.617    20.34   80.51
 -57568.318   341.106    25.94   81.11
 -57279.620   340.071    -3.58   78.91
 -56990.909   333.037   -24.36   75.06
 -56702.185   320.814   -42.33   67.16
 -56413.448   305.343   -53.58   53.24
 -56124.697   293.162   -42.18   39.49
 -55835.933   287.693   -18.94   32.62
 -55547.157   292.159    15.46   35.58
 -55258.367   307.132    51.85   50.72
 -54969.563   319.493    42.80   53.99
 -54680.747   332.117    43.71   51.03
 -54391.918   344.784    43.85   47.14
 -54103.075   354.522    33.72   42.07
 -53814.219   351.450   -10.64   44.38
 -53525.350   338.204   -45.85   51.83
 -53236.468   325.238   -44.88   55.82
 -52947.572   309.205   -55.49   58.26
 -52658.664   293.662   -53.80   53.55
 -52369.742   278.114   -53.81   45.75
 -52080.807   267.223   -37.69   37.09
 -51791.859   259.530   -26.62   29.48
 -51502.898   258.662    -3.00   29.41
 -51213.923   260.744     7.20   26.89
 -50924.935   272.776    41.63   38.73
 -50635.935   295.496    78.61   61.71
 -50346.920   319.522    83.13   78.81
 -50057.893   351.284   109.89   92.66
 -49768.853   381.687   105.18  102.05
 -49479.799   415.481   116.91  114.71
 -49190.732   448.315   113.58  113.60
 -48901.652   478.314   103.77  110.48
 -48612.558   491.950    47.17   98.64
 -48323.452   496.657    16.28   88.65
 -48034.332   489.699   -24.06   79.66
 -47745.199   473.161   -57.20   81.54
 -47456.052   441.405  -109.82   91.86
 -47166.893   408.558  -113.59   90.81
 -46877.720   372.060  -126.21   77.52
 -46588.534   345.314   -92.48   58.41
 -46299.335   334.693   -36.73   43.88
 -46010.122   334.022    -2.32   38.80
 -45720.897   344.299    35.53   46.74
 -45431.658   361.477    59.39   60.05
 -45142.405   395.940   119.14   87.81
 -44853.140   443.254   163.56  114.70
 -44563.861   495.507   180.63  122.92
 -44274.569   540.037   153.92  112.32
 -43985.264   581.171   142.17   97.86
 -43695.945   609.344    97.38   68.46
 -43406.614   630.848    74.32   50.79
 -43117.268   631.556     2.45   53.91
 -42827.910   636.996    18.80   52.01
 -42538.539   641.015    13.89   56.24
 -42249.154   651.147    35.01   59.53
 -41959.756   667.945    58.04   57.18
 -41670.344   681.612    47.22   45.39
 -41380.919   683.714     7.26   43.23
 -41091.481   671.576   -41.94   56.05
 -40802.030   652.859   -64.66   64.56
 -40512.565   631.910   -72.37   64.28
 -40223.088   611.299   -71.20   58.00
 -39933.596   590.388   -72.23   44.92
 -39644.092   575.497   -51.44   31.03
 -39354.574   569.225   -21.66   24.53
 -39065.043   568.087    -3.93   25.43
 -38775.499   576.901    30.44   30.09
 -38485.941   586.526    33.24   32.79
 -38196.370   601.268    50.91   37.10
 -37906.786   610.496    31.86   35.79
 -37617.188   615.493    17.26   33.29
 -37327.577   612.784    -9.36   36.68
 -37037.953   601.556   -38.76   44.76
 -36748.315   579.431   -76.39   64.14
 -36458.664   546.422  -113.96   85.50
 -36169.000   500.814  -157.45   95.63
 -35879.322   463.776  -127.86   96.86
 -35589.631   431.541  -111.27   90.38
 -35299.927   396.693  -120.29   72.52
 -35010.210   375.666   -72.57   51.54
 -34720.479   356.730   -65.36   24.25
 -34430.734   350.601   -21.15   16.68
 -34140.977   345.799   -16.57   18.69
 -33851.206   335.268   -36.34   26.62
 -33561.421   333.784    -5.12   27.05
 -33271.624   334.753     3.35   31.33
 -32981.812   335.254     1.73   33.23
 -32691.988   333.561    -5.84   33.72
 -32402.150   333.391    -0.58   34.93
 -32112.299   329.708   -12.71   42.98
 -31822.435   316.961   -43.97   49.51
 -31532.557   303.687   -45.79   44.71
 -31242.665   289.207   -49.95   37.25
 -30952.761   281.602   -26.23   30.61
 -30662.843   281.991     1.34   25.90
 -30372.911   289.268    25.10   24.14
 -30082.966   299.477    35.21   25.42
 -29793.008   316.119    57.39   42.35
 -29503.037   337.657    74.27   56.66
 -29213.052   357.450    68.26   60.20
 -28923.956   371.178    47.48   54.11
 -28636.811   381.574    36.21   49.09
 -28349.654   392.435    37.82   46.54
 -28062.483   406.816    50.08   58.02
 -27775.299   418.965    42.30   66.92
 -27488.102   434.537    54.22   72.50
 -27200.891   450.445    55.39   72.09
 -26913.668   468.134    61.58   63.31
 -26626.431   491.314    80.70   34.57
 -26339.182   490.571    -2.59   27.22
 -26051.919   477.161   -46.68   33.62
 -25764.643   451.478   -89.40   54.04
 -25477.354   426.465   -87.06   65.14
 -25190.052   401.342   -87.44   69.22
 -24902.737   369.791  -109.81   79.36
 -24615.409   329.437  -140.44   78.27
 -24328.068   294.300  -122.28   72.77
 -24040.713   258.405  -124.91   69.25
 -23753.345   227.252  -108.41   75.90
 -23465.964   201.030   -91.24   76.66
 -23178.570   179.578   -74.64   74.30
 -22891.163   155.813   -82.69   68.70
 -22603.743   133.526   -77.54   63.14
 -22316.310   107.751   -89.67   54.14
 -22028.863    90.687   -59.37   53.67
 -21741.403    65.699   -86.92   45.93
 -21453.930    54.647   -38.44   42.02
 -21166.444    43.468   -38.88   38.74
 -20878.945    30.746   -44.25   32.75
 -20591.433    18.955   -41.01   15.09
 -20303.907    14.268   -16.30    6.27
 -20016.369    12.087    -7.59    5.54
 -19728.817    10.331    -6.10    4.52
 -19441.252     8.950    -4.80    3.10
 -19153.674     8.361    -2.05    1.87
 -18866.082     8.359    -0.00    1.62
 -18578.478     8.161    -0.69    1.62
 -18290.860     8.390     0.80    1.67
 -18003.229     8.426     0.13    1.63
 -17715.585     8.253    -0.60    1.56
 -17427.928     7.996    -0.90    1.20
 -17140.257     8.060     0.22    1.10
 -16852.573     8.034    -0.09    1.16
 -16564.876     8.145     0.39    1.16
 -16277.166     8.090    -0.19    1.23
 -15989.443     8.350     0.91    1.53
 -15701.706     8.745     1.37    1.77
 -15413.957    10.075     4.62    4.31
 -15126.194    10.975     3.13    4.56
 -14838.418    11.642     2.32    4.54
 -14550.628    12.981     4.65    4.69
 -14262.826    14.453     5.12    4.52
 -13975.010    15.617     4.04    4.25
 -13687.181    15.714     0.34    4.34
 -13399.339    14.687    -3.57    3.92
 -13111.483    14.078    -2.12    4.45
 -12823.614    13.105    -3.38    4.51
 -12535.732    11.716    -4.82    3.79
 -12247.837    10.880    -2.90    2.86
 -11959.929    10.450    -1.49    2.37
 -11672.007    10.299    -0.53    2.39
 -11384.072    10.672     1.29    2.89
 -11096.124    10.872     0.70    2.77
 -10808.163    10.905     0.11    2.80
 -10520.188    10.844    -0.21    2.71
 -10232.200    10.966     0.42    2.69
  -9944.199    10.702    -0.92    2.67
  -9656.184    11.252     1.91    3.11
  -9368.157    11.269     0.06    2.89
  -9080.116    11.925     2.28    3.82
  -8792.062    12.511     2.03    4.28
  -8503.994    13.552     3.62    4.81
  -8215.913    14.903     4.69    5.53
  -7927.819    14.768    -0.47    5.93
  -7639.712    14.453    -1.10    6.00
  -7351.591    14.647     0.67    5.91
  -7063.457    14.161    -1.69    5.70
  -6775.310    14.612     1.57    5.99
  -6487.150    15.487     3.04    6.00
  -6198.976    15.714     0.79    5.67
  -5910.789    16.761     3.63    4.91
  -5622.589    17.205     1.54    4.39
  -5334.375    16.022    -4.11    5.07
  -5046.148    14.899    -3.90    5.13
  -4757.908    13.448    -5.03    5.02
  -4469.654    11.976    -5.11    4.53
  -4181.387    10.642    -4.63    3.74
  -3893.107     9.638    -3.48    2.19
  -3604.814     9.890     0.87    2.90
  -3316.507     9.725    -0.57    2.58
  -3028.187     9.754     0.10    2.83
  -2739.853     9.448    -1.06    2.26
  -2451.506     9.379    -0.24    1.49
  -2163.146     9.602     0.77    1.25
  -1874.773     9.687     0.29    1.29
  -1586.386     9.087    -2.08    2.34
  -1297.986     8.358    -2.53    2.94
  -1009.573     6.975    -4.80    3.94
   -721.146     5.328    -5.71    4.73
   -432.706     2.965    -8.19    4.68
   -144.252     1.084    -6.52    3.87
    144.215    -0.107    -4.13    3.12
    432.695    -0.985    -3.04    2.16
    721.188    -1.493    -1.76    0.62
   1009.695    -1.422     0.24    0.71
   1298.215    -1.328     0.33    0.92
   1586.749    -0.777     1.91    2.09
   1875.296    -0.240     1.86    2.85
   2163.856     0.693     3.23    3.67
   2452.430     1.422     2.53    4.12
   2741.017     2.662     4.30    4.51
   3029.617     3.588     3.21    4.37
   3318.231     4.687     3.81    3.91
   3606.858     5.950     4.38    3.66
   3895.499     7.415     5.07    3.78
   4184.153     8.905     5.16    4.18
   4472.820    10.435     5.30    3.69
   4761.501    11.761     4.59    3.56
   5050.195    13.000     4.29    3.31
   5338.903    13.541     1.87    2.65
   5627.623    13.837     1.03    2.71
   5916.358    14.080     0.84    2.87
   6205.105    13.730    -1.21    2.96
   6493.867    13.299    -1.49    2.85
   6782.641    13.298    -0.00    3.06
   7071.429    13.194    -0.36    2.92
   7360.230    13.450     0.89    3.10
   7649.045    13.913     1.60    3.08
   7937.873    14.268     1.23    2.84
   8226.715    14.607     1.17    2.78
   8515.570    14.582    -0.09    2.80
   8804.438    14.460    -0.42    2.61
   9093.320    14.299    -0.56    2.31
   9382.216    13.859    -1.52    2.35
   9671.124    13.735    -0.43    2.30
   9960.046    13.507    -0.79    1.95
  10248.982    13.684     0.61    1.91
  10537.931    13.844     0.56    2.09
  10826.894    14.048     0.71    2.10
  11115.870    14.268     0.76    2.28
  11404.859    14.890     2.15    2.17
  11693.862    15.395     1.75    2.45
  11982.878    15.890     1.71    2.51
  12271.908    16.207     1.10    2.63
  12560.951    16.329     0.42    2.70
  12850.008    16.484     0.53    2.69
  13139.078    17.134     2.25    2.85
  13428.162    17.655     1.80    2.74
  13717.259    18.102     1.55    2.71
  14006.369    18.637     1.85    2.61
  14295.493    18.768     0.45    2.48
  14584.631    19.299     1.83    2.48
  14873.782    19.602     1.05    2.45
  15162.946    20.147     1.89    2.39
  15452.124    20.846     2.42    2.44
  15741.316    21.511     2.30    2.53
  16030.520    22.445     3.23    2.75
  16319.739    23.007     1.94    2.67
  16608.971    23.702     2.40    2.85
  16898.216    24.090     1.34    2.81
  17187.475    24.687     2.06    2.74
  17476.748    24.961     0.95    2.73
  17766.034    25.731     2.66    2.78
  18055.333    26.191     1.59    2.55
  18344.646    26.829     2.20    2.79
  18633.972    27.776     3.27    3.00
  18923.312    28.881     3.82    3.02
  19212.666    29.955     3.71    3.03
  19502.033    31.022     3.69    2.92
  19791.414    32.147     3.89    2.86
  20080.808    33.471     4.57    3.14
  20370.215    34.448     3.37    3.13
  20659.636    35.268     2.83    2.93
  20949.071    36.284     3.51    3.06
  21238.519    37.187     3.12    3.18
  21527.981    37.981     2.74    3.07
  21817.456    38.424     1.53    3.02
  22106.945    38.996     1.97    3.28
  22396.448    39.970     3.37    3.60
  22685.964    41.119     3.97    4.32
  22975.493    42.836     5.93    5.74
  23265.036    46.622    13.08   10.37
  23554.593    52.063    18.79   15.57
  23844.163    61.791    33.60   22.38
  24133.747    71.799    34.56   27.14
  24423.344    85.493    47.29   32.28
  24712.955    98.761    45.82   30.39
  25002.579   108.738    34.45   22.73
  25292.217   114.549    20.06   21.49
  25581.869   117.905    11.59   22.17
  25871.534   119.930     6.99   23.20
  26161.213   117.420    -8.66   24.36
  26450.905   117.545     0.43   26.67
  26740.611   120.284     9.45   27.35
  27030.331   124.284    13.81   32.15
  27320.064   135.496    38.70   41.95
  27609.811   149.130    47.06   49.23
  27899.571   163.723    50.36   56.31
  28189.345   183.842    69.43   63.23
  28479.132   192.011    28.19   61.51
  28768.934   207.617    53.85   59.22
  29058.748   226.173    64.03   60.65
  29348.577   256.208   103.63   68.77
  29638.419   272.617    56.62   68.42
  29928.274   276.330    12.81   71.12
  30218.143   298.784    77.46   80.12
  30508.026   322.738    82.64   86.21
  30797.923   352.662   103.23  109.96
  31087.833   401.760   169.36  145.02
  31377.757   441.045   135.50  161.17
  31667.694   504.668   219.44  152.47
  31957.645   539.866   121.39  136.62
  32247.610   551.617    40.53  138.39
  32537.588   548.329   -11.34  142.29
  32827.580   514.345  -117.19  155.03
  33117.585   473.829  -139.71  162.14
  33405.055   410.745  -219.45  155.34
  33692.167   359.678  -177.87  134.65
  33979.294   327.592  -111.75  116.65
  34266.433   290.481  -129.25   83.15
  34553.586   264.602   -90.12   68.27
  34840.752   239.977   -85.75   45.76
  35127.931   228.844   -38.77   40.53
  35415.124   215.361   -46.95   40.86
  35702.330   199.829   -54.08   33.05
  35989.550   188.478   -39.52   22.23
  36276.783   182.087   -22.25   22.27
  36564.029   173.102   -31.28   27.87
  36851.288   161.161   -41.57   31.28
  37138.561   151.210   -34.64   32.97
  37425.848   142.687   -29.67   32.90
  37713.147   138.448   -14.76   31.27
  38000.460   137.806    -2.23   31.46
  38287.787   142.475    16.25   37.30
  38575.127   155.896    46.71   48.55
  38862.480   172.237    56.87   56.90
  39149.846   191.481    66.97   60.39
  39437.226   207.808    56.82   65.07
  39724.620   225.176    60.43   71.25
  40012.026   249.239    83.73   76.54
  40299.447   267.813    64.63   83.45
  40586.880   282.119    49.77   84.31
  40874.327   296.702    50.73   76.79
  41161.787   301.314    16.05   70.76
  41449.261   296.760   -15.84   65.25
  41736.748   283.981   -44.45   69.87
  42024.249   260.507   -81.65   66.13
  42311.763   245.916   -50.75   55.70
  42599.290   236.687   -32.10   45.50
  42886.831   237.179     1.71   46.61
  43174.385   253.049    55.19   61.92
  43461.953   273.102    69.73   72.70
  43749.534   299.191    90.72   78.78
  44037.128   335.552   126.44   96.89
  44324.736   369.004   116.31  114.05
  44612.358   400.511   109.55  124.80
  44899.992   438.450   131.91  140.28
  45187.641   486.049   165.48  163.79
  45475.302   542.117   194.92  196.62
  45762.977   591.080   170.21  204.37
  46050.666   640.799   172.83  189.73
  46338.368   672.119   108.87  155.24
  46626.083   686.836    51.15  131.10
  46913.812   687.567     2.54  113.22
  47201.555   661.424   -90.86  116.51
  47489.311   593.739  -235.22  133.95
  47777.080   538.187  -193.05  128.85
  48064.863   464.945  -254.51  134.34
  48352.659   427.448  -130.30  122.57
  48640.468   419.989   -25.91  123.14
  48928.292   437.753    61.72  140.38
  49216.128   491.173   185.60  179.74
  49503.978   544.920   186.73  177.70
  49791.842   602.800   201.07  156.29
  50079.719   668.026   226.59  140.19
  50367.610   724.284   195.42  147.48
  50655.514   786.578   216.38  171.07
  50943.431   844.034   199.56  184.23
  51231.362   892.708   169.06  183.81
  51519.307   950.481   200.65  150.46
  51807.265   966.721    56.40  134.32
  52095.236   973.666    24.12  132.61
  52383.221   963.522   -35.22  141.66
  52671.220   944.048   -67.62  162.48
  52959.232   914.448  -102.78  172.60
  53247.257   855.866  -203.40  165.64
  53535.296   815.924  -138.67  168.60
  53823.349   783.899  -111.18  164.00
  54111.415   754.537  -101.93  166.81
  54399.495   717.179  -129.69  175.59
  54687.588   673.916  -150.18  182.04
  54975.694   635.522  -133.27  184.88
  55263.815   583.011  -182.26  168.44
  55551.948   550.398  -113.19  148.18
  55840.096   532.284   -62.87  135.20
  56128.256   501.377  -107.26  116.39
  56416.431   492.045   -32.39  103.94
  56704.619   486.855   -18.01  104.35
  56992.820   468.342   -64.24   98.57
  57281.035   443.358   -86.69   89.34
  57569.263   426.415   -58.79   79.28
  57857.506   429.357    10.21   86.14
  58145.761   443.330    48.48   96.61
  58434.030   462.975    68.15  123.67
  58722.313   506.119   149.67  142.94
  59010.609   546.507   140.10  146.00
  59298.919   601.147   189.53  143.17
  59587.243   636.776   123.58  141.42
  59875.580   667.087   105.13  140.10
  60163.930   709.345   146.56  141.99
  60452.294   773.632   222.95  179.88
  60740.672   865.145   317.35  220.27
  61029.064   953.478   306.31  207.62
  61317.468  1011.190   200.12  196.76
  61605.887  1025.450    49.45  198.74
  61894.319  1031.223    20.02  188.29
  62182.765  1037.190    20.69  174.07
  62471.224  1052.657    53.62  167.39
  62759.697  1071.776    66.28  159.17
  63048.183  1107.011   122.14  163.31
  63336.683  1150.376   150.32  156.51
  63625.197  1208.329   200.88  143.41
  63913.724  1250.945   147.71  125.03
  64202.265  1285.940   121.29  121.69
  64490.820  1329.416   150.67  125.77
  64779.388  1380.178   175.92  146.21
  65067.970  1438.284   201.36  164.24
  65356.565  1500.099   214.20  196.72
  65645.174  1606.269   367.89  224.64
  65933.797  1686.155   276.80  225.92
  66222.433  1754.940   238.33  204.82
  66511.083  1790.672   123.79  164.83
  66799.746  1781.119   -33.09  148.77
  67088.423  1738.627  -147.21  161.24
  67377.114  1671.945  -230.99  188.55
  67665.819  1586.015  -297.66  189.52
  67954.537  1484.799  -350.59  177.06
  68243.268  1411.814  -252.79  160.70
  68532.014  1347.238  -223.65  150.99
  68820.773  1274.501  -251.91  146.67
  69109.546  1197.030  -268.29  151.16
  69398.332  1116.130  -280.15  162.08
  69687.132  1052.723  -219.56  151.37
  69975.946  1002.316  -174.54  133.01
  70264.773   968.420  -117.36  135.59
  70553.614   952.045   -56.70  147.58
  70842.469   930.224   -75.55  166.29
  71131.337   922.465   -26.86  189.33
  71420.219   897.961   -84.83  199.35
  71709.115   853.147  -155.13  179.32
  71998.024   821.899  -108.17  176.63
  72286.947   753.851  -235.54  163.99
  72575.884   697.632  -194.58  135.86
  72864.834   666.387  -108.14  126.09
  73153.798   646.314   -69.47  104.89
  73442.776   649.478    10.95  105.03
  73731.768   668.426    65.57  134.20
  74020.773   701.161   113.27  150.72
  74309.792   768.493   232.98  174.54
  74598.825   861.313   321.16  186.19
  74887.871   961.390   346.25  185.76
  75176.931  1053.730   319.47  193.73
  75466.005  1130.651   266.11  203.48
  75755.092  1184.349   185.76  185.55
  76044.194  1215.702   108.45  175.25
  76333.309  1202.166   -46.82  165.71
  76622.437  1182.834   -66.87  166.60
  76911.580  1138.761  -152.44  157.75
  77200.736  1107.668  -107.54  132.56
  77489.906  1080.465   -94.08  130.51
  77779.089  1080.138    -1.13  133.36
  78068.287  1124.496   153.39  169.47
  78357.498  1188.299   220.62  187.20
  78646.722  1272.681   291.77  200.71
  78935.961  1336.004   218.95  184.90
  79225.213  1378.450   146.75  146.74
  79514.479  1387.571    31.53  128.13
  79803.759  1370.982   -57.35  136.34
  80093.053  1342.955   -96.89  148.01
  80382.360  1322.015   -72.39  154.58
  80671.681  1313.646   -28.93  158.44
  80961.016  1313.448    -0.68  162.23
  81250.365  1337.945    84.67  185.90
  81539.727  1376.359   132.76  178.92
  81829.103  1392.437    55.56  169.34
  82118.493  1434.401   145.02  175.85
  82407.897  1442.723    28.76  168.73
  82697.315  1435.798   -23.93  169.47
  82986.746  1425.746   -34.73  162.77
  83276.191  1414.896   -37.49  148.71
  83565.650  1397.268   -60.90  142.61
  83855.122  1368.499   -99.39  151.26
  84144.609  1326.090  -146.51  165.76
  84434.109  1288.239  -130.75  173.61
  84723.623  1252.431  -123.69  158.62
  85013.151  1243.468   -30.96  139.68
  85302.693  1246.754    11.35  129.05
  85592.248  1278.087   108.22  144.60
  85881.818  1342.493   222.43  175.26
  86171.401  1434.239   316.85  205.24
  86460.998  1531.598   336.21  194.60
  86750.608  1619.746   304.39  173.31
  87040.233  1699.612   275.77  138.49
  87329.871  1755.799   194.00  104.14
  87619.523  1784.538    99.23   81.68
  87909.190  1794.935    35.90   71.59
  88198.869  1785.388   -32.96   75.73
  88488.563  1766.681   -64.58   87.19
  88778.271  1730.238  -125.80   92.17
  89067.992  1690.314  -137.81   86.71
  89357.727  1658.314  -110.46   84.71
  89647.476  1621.767  -126.14   78.50
  89937.239  1598.329   -80.89   65.38
  90227.016  1578.950   -66.88   52.48
  90516.807  1568.828   -34.93   53.12
  90806.611  1565.071   -12.96   56.24
  91096.430  1562.391    -9.25   61.75
  91386.262  1562.147    -0.84   66.04
  91676.108  1555.026   -24.57   66.83
  91965.968  1557.090     7.12   70.21
  92255.842  1554.407    -9.26   65.68
  92545.729  1551.844    -8.84   61.68
  92835.631  1548.468   -11.65   57.40
  93125.546  1547.612    -2.95   54.62
  93415.476  1550.506     9.98   51.12
  93705.419  1555.657    17.77   64.02
  93995.376  1565.030    32.33   76.95
  94285.347  1573.224    28.26   80.65
  94575.332  1578.224    17.24   80.81
  94865.330  1582.565    14.97   77.95
  95155.343  1584.695     7.35   71.48
  95444.109  1586.030     4.62   63.96
  95731.179  1597.313    39.31   72.94
  96018.262  1599.388     7.23   70.46
  96305.359  1609.637    35.70   76.13
  96592.469  1612.545    10.13   68.12
  96879.593  1618.442    20.54   62.89
  97166.731  1632.015    47.27   70.64
  97453.882  1643.832    41.16   71.69
  97741.047  1661.931    63.03   72.67
  98028.226  1680.657    65.21   74.60
  98315.418  1707.695    94.16   77.55
  98602.624  1736.107    98.93   80.15
  98889.843  1766.068   104.32   92.20
  99177.076  1794.375    98.56  106.27
  99464.322  1825.982   110.04  111.90
  99751.582  1859.075   115.21  121.34
 100038.856  1887.030    97.32  123.43
 100326.143  1911.387    84.79  127.49
 100613.444  1921.522    35.28  134.01
 100900.759  1918.761    -9.61  140.82
 101188.087  1907.730   -38.40  145.14
 101475.429  1888.693   -66.26  135.16
 101762.784  1894.940    21.74  121.13
 102050.153  1902.507    26.33  103.01
 102337.536  1914.254    40.88  103.15
 102624.932  1936.693    78.08  102.35
 102912.342  1965.343    99.69   95.52
 103199.766  2017.084   180.03   90.35
 103487.203  2053.117   125.37   91.35
 103774.654  2085.162   111.49   82.63
 104062.119  2107.145    76.48   70.41
 104349.597  2108.746     5.57   70.09
 104637.089  2089.622   -66.53   94.07
 104924.594  2050.632  -135.63  114.45
 105212.113  1997.576  -184.55  125.89
 105499.646  1915.844  -284.28  126.87
 105787.193  1850.684  -226.63  124.95
 106074.753  1789.130  -214.07  124.47
 106362.327  1740.537  -168.99  133.26
 106649.914  1689.207  -178.50  136.12
 106937.515  1652.178  -128.76  138.85
 107225.130  1614.068  -132.51  142.38
 107512.759  1560.238  -187.17  134.82
 107800.401  1508.114  -181.23  128.50
 108088.057  1469.068  -135.75  123.79
 108375.727  1420.678  -168.23  125.92
 108663.410  1385.985  -120.60  123.58
 108951.107  1360.373   -89.03  128.50
 109238.818  1336.130   -84.27  132.54
 109526.542  1317.507   -64.73  131.09
 109814.280  1298.784   -65.08  128.88
 110102.032  1298.668    -0.40  136.28
 110389.797  1304.149    19.05  143.48
 110677.577  1318.970    51.51  144.80
 110965.370  1315.592   -11.74  139.23
 111253.176  1327.465    41.26  125.39
 111540.997  1309.836   -61.26  117.38
 111828.831  1308.090    -6.07   99.75
 112116.678  1279.269  -100.14  100.09
 112404.540  1232.090  -163.91  128.95
 112692.415  1171.137  -211.75  155.35
 112980.304  1092.965  -271.56  171.05
 113268.207  1020.431  -251.96  168.02
 113556.123   941.359  -274.66  134.96
 113844.054   893.103  -167.61  121.79
 114131.998   864.657   -98.80  128.16
 114419.955   861.130   -12.25  128.13
 114707.927   845.019   -55.95  134.07
 114995.912   824.478   -71.33  133.76
 115283.911   787.313  -129.06  140.94
 115571.924   740.484  -162.61  150.58
 115859.950   701.490  -135.39  154.33
 116147.990   657.552  -152.55  134.61
 116436.044   634.899   -78.65  117.33
 116724.112   625.881   -31.31  106.47
 117012.194   644.358    64.15  131.36
 117300.289   681.119   127.61  156.84
 117588.398   751.617   244.71  184.30
 117876.521   826.591   260.24  197.88
 118164.657   887.597   211.74  214.78
 118452.808   968.407   280.47  210.99
 118740.972  1015.238   162.53  185.32
 119029.150  1042.684    95.25  151.37
 119317.342  1041.784    -3.12  146.44
 119605.547  1025.405   -56.84  152.16
 119893.767   997.284   -97.58  170.58
 120182.000   950.359  -162.82  186.66
 120470.247   900.807  -171.93  195.22
 120758.507   856.238  -154.63  200.68
 121046.782   798.991  -198.60  191.25
 121335.070   757.239  -144.84  180.03
 121623.373   707.875  -171.24  170.88
 121911.689   669.571  -132.86  157.63
 122200.018   632.996  -126.87  162.85
 122488.362   573.612  -205.97  159.87
 122776.720   501.164  -251.27  166.97
 123065.091   428.314  -252.65  152.40
 123353.476   377.784  -175.24  125.19
 123641.875   350.653   -94.08   98.57
 123930.288   354.117    12.01   95.94
 124218.714   387.499   115.75  128.06
 124507.155   431.481   152.50  144.34
 124795.609   487.970   195.85  145.57
 125084.077   551.602   220.61  136.21
 125372.559   615.642   222.01  118.29
 125661.055   670.268   189.37  125.36
 125949.565   732.030   214.09  143.64
 126238.088   798.815   231.49  161.28
 126526.626   854.905   194.41  166.99
 126815.177   943.522   307.14  190.78
 127103.742  1034.522   315.39  201.78
 127392.321  1121.030   299.80  181.33
 127680.914  1181.653   210.09  156.20
 127969.521  1221.901   139.47  125.58
 128258.141  1243.585    75.14  113.86
 128546.776  1239.391   -14.53  127.37
 128835.424  1199.747  -137.36  163.45
 129124.086  1164.597  -121.78  170.41
 129412.762  1128.710  -124.33  183.35
 129701.452  1111.530   -59.52  167.79
 129990.156  1082.151  -101.77  147.98
 130278.874  1071.923   -35.43  125.56
 130567.606  1056.344   -53.96  123.12
 130856.351  1043.284   -45.24  115.67
 131145.111  1046.469    11.03  122.45
 131433.884  1049.813    11.58  141.89
 131722.672  1059.253    32.69  159.25
 132011.473  1075.955    57.84  178.92
 132300.288  1112.058   125.02  158.83
 132589.117  1131.632    67.78  160.69
 132877.960  1096.851  -120.43  166.33
 133166.817  1065.573  -108.29  176.83
 133455.688  1019.151  -160.72  160.04
 133744.572   972.022  -163.16  134.77
 134033.471   959.026   -44.99  114.01
 134322.384   970.665    40.29  105.73
 134611.310  1014.298   151.04  136.67
 134900.251  1074.806   209.44  167.69
 135189.205  1150.475   261.90  192.58
 135478.173  1231.313   279.78  224.46
 135767.156  1328.935   337.85  227.75
 136056.152  1422.602   324.15  223.16
 136345.162  1504.649   283.92  212.87
 136634.186  1585.548   279.94  180.50
 136923.224  1654.597   238.92  160.93
 137212.276  1723.872   239.69  149.32
 137501.342  1790.784   231.50  158.25
 137790.422  1867.617   265.81  158.71
 138079.516  1934.784   232.36  144.17
 138368.624  1980.653   158.68  136.18
 138657.746  2026.504   158.61  136.14
 138946.882  2064.045   129.85  143.53
 139236.031  2093.820   102.99  146.12
 139525.195  2113.075    66.60  137.57
 139814.373  2113.799     2.50  147.79
 140103.565  2100.147   -47.21  154.93
 140392.771  2059.084  -142.00  172.01
 140681.990  2024.828  -118.46  167.68
 140971.224  1988.672  -125.02  164.20
 141260.472  1953.211  -122.61  163.84
 141549.733  1934.910   -63.27  168.35
 141839.009  1933.359    -5.36  185.40
 142128.299  1951.022    61.06  186.61
 142417.603  1943.668   -25.42  188.82
 142706.920  1949.985    21.84  177.27
 142996.252  1979.821   103.13  173.50
 143285.598  2010.487   105.99  169.84
 143574.958  2029.896    67.08  157.71
 143864.332  2036.731    23.63  149.98
 144153.719  2035.945    -2.72  140.09
 144443.121  2027.191   -30.25  141.75
 144732.537  1991.313  -123.98  141.82
 145021.967  1939.493  -179.07  147.45
 145311.411  1898.092  -143.05  143.61
 145600.869  1847.041  -176.39  135.44
 145890.341  1815.872  -107.69  130.59
 146179.827  1775.203  -140.50  115.75
 146469.327  1751.390   -82.27  109.38
 146758.842  1718.371  -114.06   91.89
 147048.370  1703.916   -49.93   93.10
 147337.912  1683.592   -70.20   97.31
 147627.468  1663.561   -69.19  100.74
 147917.039  1649.857   -47.33  115.86
 148206.623  1642.751   -24.54  119.92
 148496.222  1660.582    61.58  138.41
 148785.834  1677.092    57.02  144.88
 149075.461  1685.212    28.04  162.23
 149365.102  1687.166     6.75  173.89
 149654.757  1661.784   -87.64  193.94
 149944.425  1623.169  -133.32  196.68
 150234.108  1563.304  -206.68  196.59
 150523.805  1492.855  -243.21  185.87
