#   38.015  -0.699   1.703 ;Mean Elev.(m), Avg Gradient(m/km), RMS Gradient(m/km) - SRTM1     
#   32.496   0.208   2.169 ;Mean Elev.(m), Avg Gradient(m/km), RMS Gradient(m/km) - ASTER GDEM
#   38.297   0.064   1.346 ;Mean Elev.(m), Avg Gradient(m/km), RMS Gradient(m/km) - GMTED2010 
   1    41.515 54665.51015512 45.11  91.029379  26.231033 27.287 -100.00 -100.00 -100.00
   1    41.435 54665.51015571 45.73  91.030536  26.228597 31.547 -100.00 -100.00 -100.00
   1    41.381 54665.51015630 46.24  91.031693  26.226161   -100 -100.00 -100.00 -100.00
   2    41.824 54675.42579913 56.15  91.027921  26.232491 14.464 -100.00 -100.00 -100.00
   2    41.870 54675.42579972 50.06  91.029078  26.230055   -100 -100.00 -100.00 -100.00
   2    41.844 54675.42580031 52.41  91.030236  26.227618   -100 -100.00 -100.00 -100.00
   3    33.262 54685.34144239 25.85  91.028442  26.232469  4.865 -100.00 -100.00 -100.00
   3    34.612 54685.34144299 28.24  91.029600  26.230033  7.376 -100.00 -100.00 -100.00
   3    35.934 54685.34144358 28.64  91.030757  26.227596  6.836 -100.00 -100.00 -100.00
   4    41.595 54695.25708422 50.12  91.030302  26.233496   -100 -100.00 -100.00 -100.00
   4    41.515 54695.25708481 44.97  91.031459  26.231060   -100 -100.00 -100.00 -100.00
   4    41.347 54695.25708540 47.44  91.032616  26.228623   -100 -100.00 -100.00 -100.00
   5    38.965 54705.17272393 36.45  91.033038  26.233311 16.507 -100.00 -100.00 -100.00
   5    40.280 54705.17272452 38.40  91.034195  26.230874 13.932 -100.00 -100.00 -100.00
   5    41.620 54705.17272511 40.50  91.035352  26.228438 14.777 -100.00 -100.00 -100.00
   6    42.251 54715.08837612 44.33  91.030625  26.231662 25.420 -100.00 -100.00 -100.00
   6    42.596 54715.08837671 48.33  91.031783  26.229225   -100 -100.00 -100.00 -100.00
   6    42.218 54715.08837730 47.34  91.032940  26.226789   -100 -100.00 -100.00 -100.00
   7    40.850 54725.00402659 50.85  91.027523  26.229844   -100 -100.00 -100.00 -100.00
   7    40.722 54725.00402718 54.10  91.028680  26.227408 13.127 -100.00 -100.00 -100.00
   8    39.970 54734.91967456 29.10  91.023612  26.229113 11.047 -100.00 -100.00 -100.00
   8    39.881 54734.91967515 27.62  91.024770  26.226677  8.144 -100.00 -100.00 -100.00
   9    39.953 54744.83532125 33.03  91.021361  26.228919 23.118 -100.00 -100.00 -100.00
   9    39.108 54744.83532184 29.10  91.022518  26.226483 13.432 -100.00 -100.00 -100.00
   9    39.133 54744.83532243 26.36  91.023676  26.224047 10.139 -100.00 -100.00 -100.00
  10    38.459 54754.75096769 46.96  91.021528  26.228271   -100 -100.00 -100.00 -100.00
  10    38.786 54754.75096828 44.25  91.022685  26.225835   -100 -100.00 -100.00 -100.00
  11    37.227 54764.66661284 38.57  91.022334  26.228830   -100 -100.00 -100.00 -100.00
  11    37.289 54764.66661344 33.24  91.023492  26.226394 19.482 -100.00 -100.00 -100.00
  12    38.057 54774.58225539 48.07  91.023119  26.228648   -100 -100.00 -100.00 -100.00
  12    37.911 54774.58225598 52.79  91.024276  26.226212  0.226 -100.00 -100.00 -100.00
  13    36.892 54784.49789515 43.66  91.022835  26.229563 29.213 -100.00 -100.00 -100.00
  13    36.828 54784.49789574 49.20  91.023993  26.227126   -100 -100.00 -100.00 -100.00
  13    36.759 54784.49789633 50.93  91.025150  26.224690  0.909 -100.00 -100.00 -100.00
  14    36.142 54794.41353373 37.30  91.024095  26.229269 25.798 -100.00 -100.00 -100.00
  14    36.113 54794.41353432 38.01  91.025252  26.226832 28.169 -100.00 -100.00 -100.00
  15    35.866 54804.32917139 39.21  91.026377  26.231446 28.120 -100.00 -100.00 -100.00
  15    35.699 54804.32917198 40.97  91.027534  26.229009   -100 -100.00 -100.00 -100.00
  15    36.039 54804.32917257 42.46  91.028692  26.226573   -100 -100.00 -100.00 -100.00
  16    35.746 54814.24480917 36.51  91.029963  26.232183 20.453 -100.00 -100.00 -100.00
  16    35.511 54814.24480976 39.68  91.031120  26.229746   -100 -100.00 -100.00 -100.00
  16    35.471 54814.24481035 41.36  91.032277  26.227310   -100 -100.00 -100.00 -100.00
  17    35.767 54824.16045448 37.41  91.030071  26.232333 19.446 -100.00 -100.00 -100.00
  17    35.670 54824.16045507 38.16  91.031228  26.229897 23.002 -100.00 -100.00 -100.00
  17    35.336 54824.16045567 40.94  91.032385  26.227461 32.685 -100.00 -100.00 -100.00
  18    35.578 54834.07609470 35.81  91.026733  26.231685 19.084 -100.00 -100.00 -100.00
  18    35.258 54834.07609529 39.47  91.027891  26.229249   -100 -100.00 -100.00 -100.00
  18    35.147 54834.07609588 45.03  91.029048  26.226812   -100 -100.00 -100.00 -100.00
  19    34.888 54843.99174541 37.38  91.024433  26.228583   -100 -100.00 -100.00 -100.00
  19    34.879 54843.99174600 46.05  91.025591  26.226147  3.370 -100.00 -100.00 -100.00
  20    34.939 54853.90739447 35.88  91.022595  26.228167   -100 -100.00 -100.00 -100.00
  20    34.626 54853.90739506 37.94  91.023752  26.225731  3.281 -100.00 -100.00 -100.00
  21    34.882 54863.82304302 36.35  91.021980  26.228812 27.348 -100.00 -100.00 -100.00
  21    34.631 54863.82304361 42.82  91.023137  26.226376   -100 -100.00 -100.00 -100.00
  21    35.295 54863.82304420 42.68  91.024294  26.223940 24.100 -100.00 -100.00 -100.00
  22    34.966 54873.73869130 33.60  91.021883  26.229126 22.373 -100.00 -100.00 -100.00
  22    34.697 54873.73869189 37.93  91.023040  26.226690   -100 -100.00 -100.00 -100.00
  22    35.147 54873.73869248 39.56  91.024197  26.224254 24.529 -100.00 -100.00 -100.00
  23    34.846 54883.65433735 34.49  91.022220  26.228501 16.255 -100.00 -100.00 -100.00
  23    34.672 54883.65433794 42.47  91.023377  26.226065   -100 -100.00 -100.00 -100.00
  24    34.791 54893.56997992 40.62  91.021533  26.227797 29.047 -100.00 -100.00 -100.00
  24    34.893 54893.56998051 44.79  91.022690  26.225361   -100 -100.00 -100.00 -100.00
  25    34.799 54903.48561984 42.42  91.020180  26.227148   -100 -100.00 -100.00 -100.00
  25    34.811 54903.48562043 47.99  91.021338  26.224712   -100 -100.00 -100.00 -100.00
  25    34.938 54903.48562338 55.64  91.027123  26.212532 28.984 -100.00 -100.00 -100.00
  26    34.867 54913.40125885 38.56  91.020178  26.226581 30.130 -100.00 -100.00 -100.00
  26    35.188 54913.40125944 45.12  91.021335  26.224145   -100 -100.00 -100.00 -100.00
  26    35.105 54913.40126180 48.35  91.025963  26.214401   -100 -100.00 -100.00 -100.00
  26    35.315 54913.40126239 51.74  91.027120  26.211965   -100 -100.00 -100.00 -100.00
  27    35.037 54923.31689726 37.87  91.021459  26.226924 27.921 -100.00 -100.00 -100.00
  27    35.180 54923.31689785 39.19  91.022616  26.224488 30.482 -100.00 -100.00 -100.00
  27    35.015 54923.31690021 46.72  91.027244  26.214743   -100 -100.00 -100.00 -100.00
  27    35.196 54923.31690080 43.30  91.028401  26.212307   -100 -100.00 -100.00 -100.00
  28    35.474 54933.23253498 41.66  91.024240  26.228051   -100 -100.00 -100.00 -100.00
  28    35.737 54933.23253557 43.44  91.025397  26.225615   -100 -100.00 -100.00 -100.00
  29    36.125 54943.14817030 40.71  91.026594  26.231725 23.817 -100.00 -100.00 -100.00
  29    36.149 54943.14817089 44.94  91.027751  26.229289   -100 -100.00 -100.00 -100.00
  29    36.168 54943.14817148 47.19  91.028908  26.226853   -100 -100.00 -100.00 -100.00
  30    37.154 54953.06380429 27.98  91.029657  26.232288  8.636 -100.00 -100.00 -100.00
  30    36.944 54953.06380488 31.51  91.030815  26.229852 15.547 -100.00 -100.00 -100.00
  30    36.941 54953.06380547 32.06  91.031972  26.227416 16.336 -100.00 -100.00 -100.00
  31    37.208 54962.97944856 31.19  91.028541  26.230697 12.177 -100.00 -100.00 -100.00
  31    37.130 54962.97944915 31.02  91.029698  26.228261 10.640 -100.00 -100.00 -100.00
  31    37.348 54962.97944974 32.68  91.030856  26.225825 12.700 -100.00 -100.00 -100.00
  32    37.001 54972.89509685 45.78  91.025925  26.230587   -100 -100.00 -100.00 -100.00
  32    37.099 54972.89509744 51.23  91.027082  26.228152  9.511 -100.00 -100.00 -100.00
  32    37.242 54972.89509803 49.96  91.028240  26.225716   -100 -100.00 -100.00 -100.00
  33    38.739 54982.81074446 46.71  91.026252  26.229350   -100 -100.00 -100.00 -100.00
  33    38.715 54982.81074505 53.02  91.027409  26.226914   -100 -100.00 -100.00 -100.00
  34    37.884 54992.72639115 30.33  91.026665  26.230981 22.963 -100.00 -100.00 -100.00
  34    37.919 54992.72639174 29.77  91.027822  26.228545 22.418 -100.00 -100.00 -100.00
  34    38.140 54992.72639233 25.52  91.028979  26.226109 10.697 -100.00 -100.00 -100.00
  35    38.613 55002.64203712 23.38  91.026438  26.231340  8.947 -100.00 -100.00 -100.00
  35    39.358 55002.64203771 22.98  91.027596  26.228903  7.858 -100.00 -100.00 -100.00
  35    38.486 55002.64203830 22.77  91.028753  26.226467  7.445 -100.00 -100.00 -100.00
  36    39.757 55012.55768144 47.06  91.025553  26.230400 30.912 -100.00 -100.00 -100.00
  36    39.747 55012.55768203 50.29  91.026710  26.227964   -100 -100.00 -100.00 -100.00
  36    39.763 55012.55768262 52.84  91.027867  26.225528   -100 -100.00 -100.00 -100.00
  37    41.289 55022.47332443 53.85  91.024735  26.229519   -100 -100.00 -100.00 -100.00
  37    41.189 55022.47332502 52.32  91.025892  26.227083   -100 -100.00 -100.00 -100.00
  38    40.147 55032.38896667 34.77  91.024707  26.229634 15.530 -100.00 -100.00 -100.00
  38    40.158 55032.38896726 34.12  91.025864  26.227197 12.155 -100.00 -100.00 -100.00
  39    41.049 55042.30460836 32.54  91.026001  26.230444 17.539 -100.00 -100.00 -100.00
  39    40.661 55042.30460895 30.75  91.027158  26.228007 16.769 -100.00 -100.00 -100.00
  39    40.611 55042.30460954 26.28  91.028315  26.225571  7.697 -100.00 -100.00 -100.00
  40    41.116 55052.22024851 52.01  91.028462  26.232517   -100 -100.00 -100.00 -100.00
  40    41.186 55052.22024910 54.98  91.029619  26.230080  0.253 -100.00 -100.00 -100.00
  40    41.174 55052.22024969 51.57  91.030776  26.227644   -100 -100.00 -100.00 -100.00
  41    41.647 55062.13588679 53.05  91.030497  26.232842   -100 -100.00 -100.00 -100.00
  41    41.736 55062.13588738 51.17  91.031654  26.230406   -100 -100.00 -100.00 -100.00
  41    41.461 55062.13588797 52.24  91.032811  26.227969   -100 -100.00 -100.00 -100.00
  42    41.318 55072.05153054 36.71  91.028835  26.231662 29.066 -100.00 -100.00 -100.00
  42    41.312 55072.05153114 28.62  91.029992  26.229226  9.174 -100.00 -100.00 -100.00
  42    41.115 55072.05153173 28.53  91.031150  26.226789  7.980 -100.00 -100.00 -100.00
  43    39.890 55081.96717934 34.94  91.025193  26.229276 15.507 -100.00 -100.00 -100.00
  43    39.684 55081.96717994 40.76  91.026350  26.226840   -100 -100.00 -100.00 -100.00
  44    39.547 55091.88282624 26.97  91.022675  26.227722 12.729 -100.00 -100.00 -100.00
  44    39.216 55091.88282683 23.93  91.023832  26.225285  7.562 -100.00 -100.00 -100.00
  45    40.009 55101.79847253 52.92  91.022229  26.226911   -100 -100.00 -100.00 -100.00
  45    39.713 55101.79847312 56.38  91.023386  26.224474 27.813 -100.00 -100.00 -100.00
  46    38.372 55111.71411788 42.46  91.022238  26.228687   -100 -100.00 -100.00 -100.00
  46    38.203 55111.71411847 37.24  91.023396  26.226251 26.336 -100.00 -100.00 -100.00
  47    38.903 55121.62976184 52.26  91.024242  26.227450 13.711 -100.00 -100.00 -100.00
  47    38.851 55121.62976243 55.33  91.025399  26.225014   -100 -100.00 -100.00 -100.00
  48    38.205 55131.54540198 44.92  91.023580  26.230046 20.434 -100.00 -100.00 -100.00
  48    37.888 55131.54540257 50.26  91.024738  26.227609   -100 -100.00 -100.00 -100.00
  48    37.744 55131.54540316 54.07  91.025895  26.225173  1.550 -100.00 -100.00 -100.00
  49    36.835 55141.46104092 44.37  91.023266  26.229560   -100 -100.00 -100.00 -100.00
  49    37.052 55141.46104151 46.45  91.024423  26.227124   -100 -100.00 -100.00 -100.00
  49    36.854 55141.46104211 50.22  91.025581  26.224687  5.011 -100.00 -100.00 -100.00
  50    36.380 55151.37667951 34.37  91.023628  26.229235   -100 -100.00 -100.00 -100.00
  50    36.275 55151.37668010 29.74  91.024786  26.226798 19.448 -100.00 -100.00 -100.00
  51    36.902 55161.29231831 40.24  91.025638  26.230607 28.274 -100.00 -100.00 -100.00
  51    36.964 55161.29231890 43.12  91.026795  26.228171   -100 -100.00 -100.00 -100.00
  51    37.068 55161.29231949 47.13  91.027953  26.225734   -100 -100.00 -100.00 -100.00
  52    36.057 55171.20795723 35.44  91.029556  26.230742 25.328 -100.00 -100.00 -100.00
  52    35.980 55171.20795782 34.16  91.030714  26.228306 20.765 -100.00 -100.00 -100.00
  53    36.069 55181.12359439 38.59  91.032502  26.231879 21.260 -100.00 -100.00 -100.00
  53    35.482 55181.12359498 37.97  91.033659  26.229442 29.642 -100.00 -100.00 -100.00
  53    35.848 55181.12359557 37.26  91.034816  26.227006 23.944 -100.00 -100.00 -100.00
  54    35.671 55191.03924353 36.66  91.029482  26.231618 23.988 -100.00 -100.00 -100.00
  54    35.586 55191.03924412 35.22  91.030639  26.229181 18.909 -100.00 -100.00 -100.00
  54    35.653 55191.03924471 36.43  91.031796  26.226745 22.817 -100.00 -100.00 -100.00
  55    35.454 55200.95489400 34.96  91.025623  26.230221   -100 -100.00 -100.00 -100.00
  55    35.320 55200.95489459 32.64  91.026780  26.227784 28.484 -100.00 -100.00 -100.00
  55    35.229 55200.95489518 30.36  91.027937  26.225348 20.620 -100.00 -100.00 -100.00
  56    35.280 55210.87054402 42.02  91.024125  26.227715   -100 -100.00 -100.00 -100.00
  56    35.389 55210.87054461 43.76  91.025282  26.225279   -100 -100.00 -100.00 -100.00
  57    34.978 55220.78619267 43.82  91.023243  26.229134   -100 -100.00 -100.00 -100.00
  57    35.284 55220.78619326 46.14  91.024401  26.226698   -100 -100.00 -100.00 -100.00
  58    34.975 55230.70184066 45.29  91.023416  26.228477   -100 -100.00 -100.00 -100.00
  58    35.291 55230.70184125 45.28  91.024574  26.226041   -100 -100.00 -100.00 -100.00
  59    35.108 55240.61748529 32.58  91.023412  26.228344 27.771 -100.00 -100.00 -100.00
  59    34.906 55240.61748588 31.55  91.024569  26.225908 25.555 -100.00 -100.00 -100.00
  60    35.075 55250.53312601 43.82  91.021467  26.229087   -100 -100.00 -100.00 -100.00
  60    35.202 55250.53312660 45.73  91.022624  26.226651   -100 -100.00 -100.00 -100.00
  60    35.392 55250.53312719 42.60  91.023781  26.224215 28.814 -100.00 -100.00 -100.00
  61    35.113 55260.44876502 27.32  91.019981  26.228245 18.428 -100.00 -100.00 -100.00
  61    35.224 55260.44876561 26.07  91.021139  26.225809 15.961 -100.00 -100.00 -100.00
  61    37.452 55260.44876620 21.41  91.022296  26.223373  6.936 -100.00 -100.00 -100.00
  61    35.272 55260.44876856 25.42  91.026924  26.213628 11.864 -100.00 -100.00 -100.00
  61    35.352 55260.44876915 25.11  91.028081  26.211192 11.035 -100.00 -100.00 -100.00
  62    36.332 55270.36440395 46.67  91.021240  26.226148   -100 -100.00 -100.00 -100.00
  62    35.918 55270.36440454 48.00  91.022397  26.223712   -100 -100.00 -100.00 -100.00
  62    35.785 55270.36440690 52.39  91.027026  26.213968 14.066 -100.00 -100.00 -100.00
  62    35.989 55270.36440749 51.44  91.028183  26.211532   -100 -100.00 -100.00 -100.00
  63    35.661 55280.28004212 42.62  91.022611  26.228319   -100 -100.00 -100.00 -100.00
  63    35.701 55280.28004271 49.13  91.023769  26.225883   -100 -100.00 -100.00 -100.00
  64    37.751 55290.19567969 43.67  91.026194  26.228593   -100 -100.00 -100.00 -100.00
  64    37.911 55290.19568028 45.76  91.027351  26.226157   -100 -100.00 -100.00 -100.00
  65    38.966 55300.11131416 43.09  91.028526  26.232040 15.802 -100.00 -100.00 -100.00
  65    38.245 55300.11131475 47.17  91.029684  26.229604   -100 -100.00 -100.00 -100.00
  65    38.106 55300.11131534 53.43  91.030841  26.227169 13.321 -100.00 -100.00 -100.00
  66    40.340 55310.02695994 29.53  91.027261  26.231511 14.158 -100.00 -100.00 -100.00
  66    40.225 55310.02696053 28.27  91.028418  26.229075 11.254 -100.00 -100.00 -100.00
  66    40.007 55310.02696112 24.66  91.029575  26.226639  6.604 -100.00 -100.00 -100.00
  67    40.631 55319.94260585 28.68  91.025022  26.230256 11.118 -100.00 -100.00 -100.00
  67    40.218 55319.94260644 27.10  91.026179  26.227820  9.723 -100.00 -100.00 -100.00
  67    40.054 55319.94260703 25.48  91.027337  26.225384  7.216 -100.00 -100.00 -100.00
  68    32.847 55329.85825062 16.01  91.023999  26.228519  1.975 -100.00 -100.00 -100.00
  68    33.445 55329.85825121 16.63  91.025156  26.226083  2.579 -100.00 -100.00 -100.00
  69    40.450 55339.77389438 50.92  91.023656  26.230050   -100 -100.00 -100.00 -100.00
  69    40.506 55339.77389497 53.25  91.024813  26.227614   -100 -100.00 -100.00 -100.00
  69    40.448 55339.77389556 53.30  91.025971  26.225178  0.281 -100.00 -100.00 -100.00
  70    40.665 55349.68953860 31.67  91.026272  26.228894 13.371 -100.00 -100.00 -100.00
  70    40.577 55349.68953919 30.37  91.027429  26.226458  9.945 -100.00 -100.00 -100.00
  71    40.862 55359.60518024 46.34  91.027731  26.229843   -100 -100.00 -100.00 -100.00
  71    41.197 55359.60518084 44.45  91.028888  26.227407   -100 -100.00 -100.00 -100.00
  72    41.257 55369.52081937 53.18  91.027042  26.231811   -100 -100.00 -100.00 -100.00
  72    41.362 55369.52081996 54.41  91.028200  26.229375   -100 -100.00 -100.00 -100.00
  72    40.959 55369.52082055 56.51  91.029357  26.226939 16.938 -100.00 -100.00 -100.00
  73    42.000 55379.43645789 53.38  91.027657  26.230748  2.694 -100.00 -100.00 -100.00
  73    42.062 55379.43645848 47.22  91.028814  26.228311 32.497 -100.00 -100.00 -100.00
  73    41.823 55379.43645907 47.25  91.029971  26.225875   -100 -100.00 -100.00 -100.00
  74    41.598 55389.35209553 47.82  91.028445  26.231580   -100 -100.00 -100.00 -100.00
  74    41.720 55389.35209612 46.42  91.029602  26.229143   -100 -100.00 -100.00 -100.00
  74    41.646 55389.35209671 43.82  91.030760  26.226707 32.621 -100.00 -100.00 -100.00
  75    88.911 55399.26773227 16.64  91.030583  26.233198  7.843 -100.00 -100.00 -100.00
  75    89.474 55399.26773286 15.10  91.031740  26.230761  5.937 -100.00 -100.00 -100.00
  75    88.402 55399.26773345 12.88  91.032897  26.228325  5.799 -100.00 -100.00 -100.00
  76    41.335 55409.18337906 50.48  91.031461  26.232540   -100 -100.00 -100.00 -100.00
  76    41.302 55409.18337965 51.15  91.032619  26.230103   -100 -100.00 -100.00 -100.00
  76    41.383 55409.18338024 47.20  91.033776  26.227667   -100 -100.00 -100.00 -100.00
  77    40.505 55419.09902997 52.34  91.029209  26.231191  0.689 -100.00 -100.00 -100.00
  77    40.706 55419.09903056 48.47  91.030367  26.228754   -100 -100.00 -100.00 -100.00
  77    40.786 55419.09903115 49.15  91.031524  26.226318   -100 -100.00 -100.00 -100.00
  78    40.390 55429.01467714 38.97  91.025407  26.230751   -100 -100.00 -100.00 -100.00
  78    40.588 55429.01467774 33.84  91.026564  26.228315 31.961 -100.00 -100.00 -100.00
  78    40.603 55429.01467833 34.50  91.027721  26.225878   -100 -100.00 -100.00 -100.00
  79    41.644 55438.93032212 50.10  91.023439  26.227916   -100 -100.00 -100.00 -100.00
  79    41.490 55438.93032271 48.41  91.024597  26.225479   -100 -100.00 -100.00 -100.00
  80    41.749 55448.84596485 51.39  91.022129  26.228534   -100 -100.00 -100.00 -100.00
  80    41.840 55448.84596544 51.03  91.023286  26.226098   -100 -100.00 -100.00 -100.00
  81    41.407 55458.76160732 55.38  91.022992  26.229106 11.239 -100.00 -100.00 -100.00
  81    41.502 55458.76160791 54.29  91.024150  26.226670  0.145 -100.00 -100.00 -100.00
  82    40.760 55468.67724888 50.51  91.024375  26.230392   -100 -100.00 -100.00 -100.00
  82    40.819 55468.67724947 52.52  91.025532  26.227956   -100 -100.00 -100.00 -100.00
  82    40.880 55468.67725006 53.15  91.026690  26.225519   -100 -100.00 -100.00 -100.00
  83    39.462 55478.59288775 49.51  91.026965  26.229401  0.744 -100.00 -100.00 -100.00
  83    39.535 55478.59288834 45.30  91.028122  26.226964   -100 -100.00 -100.00 -100.00
  84    39.002 55488.50852281 48.17  91.027497  26.232110   -100 -100.00 -100.00 -100.00
  84    39.189 55488.50852340 49.22  91.028655  26.229673   -100 -100.00 -100.00 -100.00
  84    39.117 55488.50852399 43.10  91.029813  26.227237 26.456 -100.00 -100.00 -100.00
  85    38.749 55498.42415646 44.05  91.029035  26.232201 26.503 -100.00 -100.00 -100.00
  85    38.415 55498.42415705 45.28  91.030192  26.229765   -100 -100.00 -100.00 -100.00
  85    38.424 55498.42415764 45.54  91.031350  26.227328   -100 -100.00 -100.00 -100.00
  86    37.694 55508.33979560 44.74  91.029863  26.231305 32.045 -100.00 -100.00 -100.00
  86    37.413 55508.33979619 41.86  91.031021  26.228869 25.247 -100.00 -100.00 -100.00
  86    37.339 55508.33979678 41.91  91.032178  26.226432 28.408 -100.00 -100.00 -100.00
  87    37.358 55518.25544609 42.99  91.028031  26.230796 25.474 -100.00 -100.00 -100.00
  87    36.932 55518.25544668 41.67  91.029188  26.228360 32.020 -100.00 -100.00 -100.00
  87    37.136 55518.25544727 40.52  91.030346  26.225923 23.475 -100.00 -100.00 -100.00
  88    37.410 55528.17109588 40.91  91.027716  26.230351 22.368 -100.00 -100.00 -100.00
  88    36.711 55528.17109647 35.74  91.028873  26.227915 14.755 -100.00 -100.00 -100.00
  89    37.195 55538.08674343 39.94  91.026639  26.231292 18.114 -100.00 -100.00 -100.00
  89    36.376 55538.08674402 39.33  91.027796  26.228855 25.815 -100.00 -100.00 -100.00
  89    36.393 55538.08674461 39.32  91.028953  26.226419 24.346 -100.00 -100.00 -100.00
  90    36.427 55548.00238936 41.54  91.026531  26.229091 29.444 -100.00 -100.00 -100.00
  90    36.081 55548.00238995 42.82  91.027688  26.226654   -100 -100.00 -100.00 -100.00
  91    35.977 55557.91803299 42.89  91.025330  26.228093   -100 -100.00 -100.00 -100.00
  91    35.854 55557.91803358 42.78  91.026487  26.225657   -100 -100.00 -100.00 -100.00
  92    36.439 55567.83367498 39.82  91.024106  26.229962 19.052 -100.00 -100.00 -100.00
  92    35.784 55567.83367557 41.99  91.025263  26.227526   -100 -100.00 -100.00 -100.00
  92    35.800 55567.83367616 38.23  91.026420  26.225090 23.481 -100.00 -100.00 -100.00
  93    35.842 55577.74931697 35.58  91.026161  26.228579 20.863 -100.00 -100.00 -100.00
  93    35.497 55577.74931756 36.14  91.027318  26.226143 25.210 -100.00 -100.00 -100.00
  94    35.612 55587.66495618 40.78  91.027424  26.229719   -100 -100.00 -100.00 -100.00
  94    35.716 55587.66495677 37.77  91.028581  26.227283 20.336 -100.00 -100.00 -100.00
  95    35.571 55597.58059238 41.97  91.028926  26.230591   -100 -100.00 -100.00 -100.00
  95    35.638 55597.58059297 41.29  91.030083  26.228155   -100 -100.00 -100.00 -100.00
  96    35.980 55607.49622581 42.08  91.029579  26.231571 25.020 -100.00 -100.00 -100.00
  96    35.600 55607.49622640 40.24  91.030736  26.229135 31.461 -100.00 -100.00 -100.00
  96    35.974 55607.49622699 42.20  91.031893  26.226699 32.615 -100.00 -100.00 -100.00
  97    36.116 55617.41185765 42.90  91.030777  26.232164   -100 -100.00 -100.00 -100.00
  97    35.962 55617.41185824 42.19  91.031935  26.229728 32.269 -100.00 -100.00 -100.00
  97    36.266 55617.41185883 41.66  91.033092  26.227292 28.119 -100.00 -100.00 -100.00
  98    36.789 55627.32750260 41.11  91.029514  26.232854 14.613 -100.00 -100.00 -100.00
  98    35.609 55627.32750319 45.33  91.030671  26.230418   -100 -100.00 -100.00 -100.00
  98    35.646 55627.32750378 41.36  91.031828  26.227981 30.307 -100.00 -100.00 -100.00
  99    36.236 55637.24315483 42.95  91.028616  26.231166   -100 -100.00 -100.00 -100.00
  99    36.188 55637.24315542 40.53  91.029773  26.228730 25.704 -100.00 -100.00 -100.00
  99    36.453 55637.24315601 39.45  91.030930  26.226294 21.061 -100.00 -100.00 -100.00
 100    38.032 55647.15880504 44.12  91.028045  26.229784   -100 -100.00 -100.00 -100.00
 100    37.933 55647.15880563 42.15  91.029202  26.227348 31.684 -100.00 -100.00 -100.00
 101    37.178 55657.07445213 45.15  91.026549  26.229152   -100 -100.00 -100.00 -100.00
 101    37.201 55657.07445272 42.28  91.027706  26.226716 29.823 -100.00 -100.00 -100.00
 102    37.444 55666.99009482 44.85  91.025494  26.228613   -100 -100.00 -100.00 -100.00
 102    37.261 55666.99009541 43.61  91.026651  26.226177 27.920 -100.00 -100.00 -100.00
 103    38.341 55676.90573404 43.85  91.024760  26.230068   -100 -100.00 -100.00 -100.00
 103    38.240 55676.90573463 44.32  91.025917  26.227632   -100 -100.00 -100.00 -100.00
 103    38.445 55676.90573522 41.36  91.027075  26.225196 22.130 -100.00 -100.00 -100.00
 104    38.122 55686.82137144 40.85  91.026229  26.230984   -100 -100.00 -100.00 -100.00
 104    38.148 55686.82137203 39.55  91.027386  26.228548 27.932 -100.00 -100.00 -100.00
 104    37.914 55686.82137262 37.12  91.028543  26.226112 16.760 -100.00 -100.00 -100.00
 105    38.852 55696.73700788 44.22  91.029433  26.230891 20.111 -100.00 -100.00 -100.00
 105    37.997 55696.73700847 46.48  91.030590  26.228455   -100 -100.00 -100.00 -100.00
 105    38.390 55696.73700906 50.11  91.031747  26.226019   -100 -100.00 -100.00 -100.00
 106    38.549 55706.65264277 45.58  91.032958  26.231863   -100 -100.00 -100.00 -100.00
 106    38.387 55706.65264336 48.25  91.034115  26.229427   -100 -100.00 -100.00 -100.00
 106    38.716 55706.65264395 49.40  91.035272  26.226991   -100 -100.00 -100.00 -100.00
 107    86.571 55716.56829238 25.59  91.031197  26.231986 11.981 -100.00 -100.00 -100.00
 107    86.938 55716.56829297 21.38  91.032354  26.229549 11.745 -100.00 -100.00 -100.00
 107    87.534 55716.56829356  7.84  91.033512  26.227113  8.409 -100.00 -100.00 -100.00
 108    39.694 55726.48394062 49.57  91.028740  26.231513   -100 -100.00 -100.00 -100.00
 108    39.708 55726.48394121 47.93  91.029897  26.229077   -100 -100.00 -100.00 -100.00
 108    39.811 55726.48394180 47.23  91.031055  26.226641   -100 -100.00 -100.00 -100.00
 109    39.899 55736.39958750 45.71  91.027309  26.230467   -100 -100.00 -100.00 -100.00
 109    39.919 55736.39958809 45.73  91.028466  26.228030   -100 -100.00 -100.00 -100.00
 109    40.049 55736.39958868 36.25  91.029623  26.225594 14.317 -100.00 -100.00 -100.00
 110    40.734 55746.31523338 50.59  91.026934  26.229352   -100 -100.00 -100.00 -100.00
 110    40.843 55746.31523397 51.75  91.028091  26.226916   -100 -100.00 -100.00 -100.00
 111    41.342 55756.23087706 51.69  91.026408  26.230328   -100 -100.00 -100.00 -100.00
 111    41.479 55756.23087765 51.33  91.027565  26.227891   -100 -100.00 -100.00 -100.00
 111    41.187 55756.23087824 52.35  91.028723  26.225455   -100 -100.00 -100.00 -100.00
 112    42.054 55766.14651836 53.91  91.026670  26.231221 12.051 -100.00 -100.00 -100.00
 112    42.160 55766.14651895 46.25  91.027828  26.228785 31.439 -100.00 -100.00 -100.00
 112    41.913 55766.14651954 48.54  91.028985  26.226349   -100 -100.00 -100.00 -100.00
 113    41.453 55776.06215688 31.91  91.026988  26.231531 18.211 -100.00 -100.00 -100.00
 113    41.311 55776.06215747 30.78  91.028146  26.229095 13.796 -100.00 -100.00 -100.00
 113    41.205 55776.06215806 27.54  91.029303  26.226659  8.352 -100.00 -100.00 -100.00
 114    41.011 55785.97779276 31.26  91.028015  26.230293 19.772 -100.00 -100.00 -100.00
 114    40.966 55785.97779335 27.24  91.029173  26.227857  9.962 -100.00 -100.00 -100.00
 115    41.505 55795.89342566 53.34  91.028731  26.233007   -100 -100.00 -100.00 -100.00
 115    41.210 55795.89342625 52.95  91.029889  26.230571   -100 -100.00 -100.00 -100.00
 115    41.214 55795.89342684 54.04  91.031046  26.228135  1.507 -100.00 -100.00 -100.00
 116    39.502 55805.80906563 33.66  91.030476  26.232709 32.115 -100.00 -100.00 -100.00
 116    39.768 55805.80906622 27.95  91.031634  26.230273 14.095 -100.00 -100.00 -100.00
 116    39.454 55805.80906681 27.79  91.032791  26.227836 13.590 -100.00 -100.00 -100.00
 117    39.708 55815.72471466 50.80  91.030844  26.231342 11.498 -100.00 -100.00 -100.00
 117    39.680 55815.72471525 54.63  91.032001  26.228906 26.989 -100.00 -100.00 -100.00
 117    39.710 55815.72471585 54.69  91.033159  26.226469 13.554 -100.00 -100.00 -100.00
 118    39.920 55825.64036056 50.84  91.030575  26.231364 15.641 -100.00 -100.00 -100.00
 118    39.899 55825.64036115 52.78  91.031733  26.228928 21.421 -100.00 -100.00 -100.00
 118    39.869 55825.64036174 52.35  91.032890  26.226491 26.114 -100.00 -100.00 -100.00
 119    40.620 55835.55600188 52.42  91.029877  26.231832   -100 -100.00 -100.00 -100.00
 119    40.598 55835.55600247 52.89  91.031035  26.229395   -100 -100.00 -100.00 -100.00
 119    40.396 55835.55600306 51.27  91.032192  26.226959   -100 -100.00 -100.00 -100.00
 120    38.759 55845.47163989 49.65  91.029428  26.232242   -100 -100.00 -100.00 -100.00
 120    38.617 55845.47164048 51.71  91.030586  26.229806  7.624 -100.00 -100.00 -100.00
 120    38.934 55845.47164107 51.22  91.031744  26.227369   -100 -100.00 -100.00 -100.00
 121    37.914 55855.38727551 41.08  91.030773  26.233094 11.236 -100.00 -100.00 -100.00
 121    37.759 55855.38727610 32.13  91.031931  26.230657 26.130 -100.00 -100.00 -100.00
 121    37.950 55855.38727669 28.03  91.033089  26.228221 13.293 -100.00 -100.00 -100.00
 122    37.641 55865.30291679 50.77  91.032491  26.231877  6.504 -100.00 -100.00 -100.00
 122    37.921 55865.30291738 53.77  91.033649  26.229441   -100 -100.00 -100.00 -100.00
 122    37.740 55865.30291797 55.78  91.034806  26.227004 27.596 -100.00 -100.00 -100.00
 123    37.017 55875.21856955 41.86  91.029593  26.233443   -100 -100.00 -100.00 -100.00
 123    37.357 55875.21857014 44.17  91.030750  26.231007   -100 -100.00 -100.00 -100.00
 123    37.252 55875.21857073 43.87  91.031907  26.228570   -100 -100.00 -100.00 -100.00
 124    36.730 55885.13421779 33.84  91.030104  26.230818 19.810 -100.00 -100.00 -100.00
 124    36.941 55885.13421838 37.07  91.031262  26.228381 28.778 -100.00 -100.00 -100.00
 125    36.699 55895.04985902 42.23  91.029264  26.232787 25.304 -100.00 -100.00 -100.00
 125    36.525 55895.04985961 54.85  91.030421  26.230351   -100 -100.00 -100.00 -100.00
 125    36.546 55895.04986020 50.74  91.031578  26.227914  4.517 -100.00 -100.00 -100.00
 126    36.196 55904.96549530 36.66  91.030651  26.233434   -100 -100.00 -100.00 -100.00
 126    36.189 55904.96549589 32.21  91.031808  26.230997 26.636 -100.00 -100.00 -100.00
 126    36.197 55904.96549648 31.49  91.032965  26.228561 20.938 -100.00 -100.00 -100.00
 127    36.311 55914.88113667 42.08  91.030755  26.233283 30.651 -100.00 -100.00 -100.00
 127    36.373 55914.88113726 46.46  91.031913  26.230847   -100 -100.00 -100.00 -100.00
 127    36.281 55914.88113785 47.49  91.033070  26.228410   -100 -100.00 -100.00 -100.00
 128    36.082 55924.79679056 43.59  91.028138  26.231388   -100 -100.00 -100.00 -100.00
 128    36.202 55924.79679115 49.63  91.029295  26.228951   -100 -100.00 -100.00 -100.00
 128    35.964 55924.79679174 50.91  91.030453  26.226515 17.971 -100.00 -100.00 -100.00
 129    36.676 55934.71244104 43.52  91.026817  26.230466 23.055 -100.00 -100.00 -100.00
 129    36.209 55934.71244163 47.40  91.027974  26.228030   -100 -100.00 -100.00 -100.00
 129    35.924 55934.71244222 44.59  91.029131  26.225593   -100 -100.00 -100.00 -100.00
 130    36.211 55944.62808670 41.47  91.025547  26.230233 29.471 -100.00 -100.00 -100.00
 130    35.970 55944.62808729 39.89  91.026705  26.227797 30.045 -100.00 -100.00 -100.00
 130    35.741 55944.62808788 36.83  91.027862  26.225361 22.105 -100.00 -100.00 -100.00
 131    36.841 55954.54372798 45.72  91.024385  26.230342 19.697 -100.00 -100.00 -100.00
 131    36.228 55954.54372857 50.84  91.025542  26.227906   -100 -100.00 -100.00 -100.00
 131    36.128 55954.54372916 54.89  91.026699  26.225470  6.410 -100.00 -100.00 -100.00
 132    35.851 55964.45936710 47.05  91.024651  26.228843   -100 -100.00 -100.00 -100.00
 132    35.858 55964.45936769 48.76  91.025808  26.226407  8.170 -100.00 -100.00 -100.00
 133    36.069 55974.37500434 44.07  91.024979  26.230478   -100 -100.00 -100.00 -100.00
 133    36.289 55974.37500493 50.86  91.026136  26.228042   -100 -100.00 -100.00 -100.00
 133    36.132 55974.37500552 52.77  91.027294  26.225606 12.627 -100.00 -100.00 -100.00
 134    36.102 55984.29064136 47.50  91.028711  26.230295   -100 -100.00 -100.00 -100.00
 134    36.257 55984.29064195 49.42  91.029868  26.227859   -100 -100.00 -100.00 -100.00
 135    36.104 55994.20627586 40.31  91.033093  26.231903 29.336 -100.00 -100.00 -100.00
 135    36.140 55994.20627645 36.98  91.034250  26.229466 15.154 -100.00 -100.00 -100.00
 135    36.363 55994.20627704 39.07  91.035407  26.227030 17.601 -100.00 -100.00 -100.00
 136    36.546 56004.12192705 30.76  91.030230  26.232741  9.939 -100.00 -100.00 -100.00
 136    36.167 56004.12192765 30.17  91.031388  26.230305  9.837 -100.00 -100.00 -100.00
 136    36.093 56004.12192824 33.52  91.032545  26.227869 16.057 -100.00 -100.00 -100.00
 137    36.253 56014.03757641 31.80  91.027190  26.230388 20.150 -100.00 -100.00 -100.00
 137    36.218 56014.03757700 32.13  91.028348  26.227952 19.469 -100.00 -100.00 -100.00
 137    36.152 56014.03757759 35.70  91.029505  26.225516 32.603 -100.00 -100.00 -100.00
 138    36.387 56023.95322222 35.36  91.024298  26.228947 25.512 -100.00 -100.00 -100.00
 138    36.487 56023.95322281 34.85  91.025456  26.226511 25.455 -100.00 -100.00 -100.00
 139    37.535 56033.86886571 50.54  91.024318  26.227487   -100 -100.00 -100.00 -100.00
 139    37.502 56033.86886630 51.30  91.025475  26.225051   -100 -100.00 -100.00 -100.00
 140    38.154 56043.78450616 40.53  91.025677  26.230383   -100 -100.00 -100.00 -100.00
 140    38.279 56043.78450675 42.98  91.026834  26.227947   -100 -100.00 -100.00 -100.00
 140    38.427 56043.78450734 36.94  91.027991  26.225511 23.318 -100.00 -100.00 -100.00
 141    39.167 56053.70014452 51.89  91.029180  26.230594  8.848 -100.00 -100.00 -100.00
 141    39.304 56053.70014511 48.47  91.030337  26.228158   -100 -100.00 -100.00 -100.00
 142    38.480 56063.61577900 43.43  91.031662  26.232673   -100 -100.00 -100.00 -100.00
 142    38.094 56063.61577959 38.49  91.032819  26.230237   -100 -100.00 -100.00 -100.00
 142    38.291 56063.61578018 32.32  91.033976  26.227801 21.620 -100.00 -100.00 -100.00
 143    39.307 56073.53142112 49.64  91.031642  26.231798   -100 -100.00 -100.00 -100.00
 143    39.399 56073.53142171 52.64  91.032800  26.229362   -100 -100.00 -100.00 -100.00
 143    39.422 56073.53142230 53.58  91.033957  26.226926   -100 -100.00 -100.00 -100.00
 144    40.451 56083.44707060 45.13  91.027968  26.231281   -100 -100.00 -100.00 -100.00
 144    40.512 56083.44707120 49.36  91.029126  26.228845   -100 -100.00 -100.00 -100.00
 144    40.588 56083.44707179 49.97  91.030283  26.226409   -100 -100.00 -100.00 -100.00
 145    40.796 56093.36271839 45.55  91.027064  26.229493   -100 -100.00 -100.00 -100.00
 145    40.855 56093.36271898 50.04  91.028221  26.227057   -100 -100.00 -100.00 -100.00
 146    41.256 56103.27836349 30.90  91.026701  26.231066 15.759 -100.00 -100.00 -100.00
 146    41.168 56103.27836409 28.76  91.027858  26.228630 12.230 -100.00 -100.00 -100.00
 146    41.082 56103.27836468 25.58  91.029016  26.226194  6.919 -100.00 -100.00 -100.00
 147    41.246 56113.19399478 33.80  91.027559  26.230570 15.350 -100.00 -100.00 -100.00
 147    41.176 56113.19399537 31.98  91.028716  26.228134 12.597 -100.00 -100.00 -100.00
 147    41.013 56113.19399596 30.95  91.029874  26.225698 10.240 -100.00 -100.00 -100.00
 148    41.925 56123.10963339 52.21  91.027631  26.232177   -100 -100.00 -100.00 -100.00
 148    41.863 56123.10963398 52.81  91.028788  26.229740   -100 -100.00 -100.00 -100.00
 148    41.616 56123.10963457 51.96  91.029945  26.227304   -100 -100.00 -100.00 -100.00
 149    41.844 56133.02526862 42.57  91.028934  26.231609 24.945 -100.00 -100.00 -100.00
 149    41.982 56133.02526921 40.78  91.030091  26.229172 21.608 -100.00 -100.00 -100.00
 149    41.731 56133.02526980 39.55  91.031249  26.226736 19.829 -100.00 -100.00 -100.00
 150    41.522 56142.94090641 32.21  91.028838  26.231838 18.681 -100.00 -100.00 -100.00
 150    41.490 56142.94090700 28.00  91.029995  26.229402  9.470 -100.00 -100.00 -100.00
 150    41.338 56142.94090759 26.91  91.031153  26.226966  7.516 -100.00 -100.00 -100.00
 151    40.980 56152.85655683 27.24  91.026701  26.230691 11.636 -100.00 -100.00 -100.00
 151    40.549 56152.85655742 26.37  91.027858  26.228255 10.554 -100.00 -100.00 -100.00
 151    40.481 56152.85655801 25.45  91.029016  26.225819  8.882 -100.00 -100.00 -100.00
 152    40.970 56162.77220550 51.55  91.026345  26.230822   -100 -100.00 -100.00 -100.00
 152    40.598 56162.77220609 52.97  91.027502  26.228386 20.255 -100.00 -100.00 -100.00
 152    40.590 56162.77220668 54.60  91.028659  26.225950   -100 -100.00 -100.00 -100.00
 153    40.872 56172.68785208 45.35  91.026994  26.231577   -100 -100.00 -100.00 -100.00
 153    41.013 56172.68785267 41.71  91.028152  26.229141 30.837 -100.00 -100.00 -100.00
 153    40.814 56172.68785326 37.10  91.029309  26.226704 18.067 -100.00 -100.00 -100.00
 154    39.979 56182.60349425 27.60  91.028562  26.230464 11.468 -100.00 -100.00 -100.00
 154    40.016 56182.60349484 26.71  91.029720  26.228027  9.481 -100.00 -100.00 -100.00
 155    41.836 56192.51913217 49.17  91.027948  26.231159   -100 -100.00 -100.00 -100.00
 155    41.757 56192.51913276 50.96  91.029105  26.228723   -100 -100.00 -100.00 -100.00
 155    41.755 56192.51913335 49.11  91.030263  26.226286   -100 -100.00 -100.00 -100.00
 156    41.172 56202.43476781 41.22  91.027748  26.230854   -100 -100.00 -100.00 -100.00
 156    41.173 56202.43476840 35.53  91.028905  26.228418 16.935 -100.00 -100.00 -100.00
 156    41.143 56202.43476899 33.19  91.030063  26.225981 11.209 -100.00 -100.00 -100.00
 157    40.812 56212.35040172 29.29  91.029539  26.232346 11.834 -100.00 -100.00 -100.00
 157    40.666 56212.35040231 27.85  91.030697  26.229910  9.846 -100.00 -100.00 -100.00
 157    40.416 56212.35040290 29.44  91.031854  26.227473 14.350 -100.00 -100.00 -100.00
 158    39.147 56222.26603438 48.72  91.034671  26.232926   -100 -100.00 -100.00 -100.00
 158    39.315 56222.26603497 50.19  91.035829  26.230489   -100 -100.00 -100.00 -100.00
 158    39.293 56222.26603556 51.79  91.036986  26.228053  5.249 -100.00 -100.00 -100.00
 159    37.968 56232.18168949 41.19  91.033110  26.233415   -100 -100.00 -100.00 -100.00
 159    37.967 56232.18169008 39.36  91.034268  26.230978 26.656 -100.00 -100.00 -100.00
 159    37.942 56232.18169067 41.35  91.035425  26.228542   -100 -100.00 -100.00 -100.00
 160    37.658 56242.09734244 43.08  91.031345  26.232120 32.330 -100.00 -100.00 -100.00
 160    37.524 56242.09734303 44.65  91.032502  26.229683 31.683 -100.00 -100.00 -100.00
 160    37.711 56242.09734362 47.85  91.033659  26.227247   -100 -100.00 -100.00 -100.00
 161    37.049 56252.01299108 46.54  91.028964  26.230259   -100 -100.00 -100.00 -100.00
 161    36.887 56252.01299167 47.83  91.030121  26.227822   -100 -100.00 -100.00 -100.00
 162    36.985 56261.92863431 43.50  91.026444  26.231424 27.165 -100.00 -100.00 -100.00
 162    37.259 56261.92863490 46.83  91.027601  26.228988 24.235 -100.00 -100.00 -100.00
 162    36.599 56261.92863549 51.86  91.028758  26.226551  7.191 -100.00 -100.00 -100.00
 163    36.401 56271.84427596 44.58  91.026948  26.230428   -100 -100.00 -100.00 -100.00
 163    36.191 56271.84427655 48.72  91.028105  26.227992   -100 -100.00 -100.00 -100.00
 163    36.511 56271.84427714 53.78  91.029262  26.225555   -100 -100.00 -100.00 -100.00
 164    36.129 56281.75991728 37.73  91.028466  26.230154  4.340 -100.00 -100.00 -100.00
 164    36.219 56281.75991787 33.17  91.029623  26.227718   -100 -100.00 -100.00 -100.00
 165    36.122 56291.67556896 41.14  91.026818  26.230319   -100 -100.00 -100.00 -100.00
 165    35.788 56291.67556955 43.00  91.027975  26.227883   -100 -100.00 -100.00 -100.00
 165    36.098 56291.67557014 38.92  91.029133  26.225447 24.354 -100.00 -100.00 -100.00
 166    35.738 56301.59121646 26.99  91.025346  26.229252 13.440 -100.00 -100.00 -100.00
 166    35.490 56301.59121705 27.67  91.026504  26.226815 13.725 -100.00 -100.00 -100.00
 167    35.758 56311.50685982 47.59  91.023901  26.228148   -100 -100.00 -100.00 -100.00
 167    35.840 56311.50686041 43.76  91.025058  26.225712   -100 -100.00 -100.00 -100.00
 168    35.381 56321.42250115 50.02  91.023195  26.227891  9.126 -100.00 -100.00 -100.00
 168    35.707 56321.42250174 50.16  91.024352  26.225455   -100 -100.00 -100.00 -100.00
 169    35.668 56331.33814191 45.93  91.023620  26.229304   -100 -100.00 -100.00 -100.00
 169    35.408 56331.33814250 48.98  91.024778  26.226867 12.513 -100.00 -100.00 -100.00
 170    38.034 56341.25378266 24.42  91.026261  26.229883  9.407 -100.00 -100.00 -100.00
 170    37.350 56341.25378325 26.23  91.027418  26.227446 14.398 -100.00 -100.00 -100.00
 171    35.527 56351.16942073 38.91  91.028784  26.232690 28.751 -100.00 -100.00 -100.00
 171    35.412 56351.16942132 41.31  91.029942  26.230254   -100 -100.00 -100.00 -100.00
 171    35.416 56351.16942191 40.18  91.031099  26.227818   -100 -100.00 -100.00 -100.00
 172    35.385 56361.08506019 43.67  91.030021  26.233102 32.317 -100.00 -100.00 -100.00
 172    35.547 56361.08506078 45.59  91.031179  26.230666   -100 -100.00 -100.00 -100.00
 172    35.695 56361.08506137 46.87  91.032336  26.228230   -100 -100.00 -100.00 -100.00
 173    35.408 56371.00071050 38.70  91.026870  26.230120   -100 -100.00 -100.00 -100.00
 173    35.500 56371.00071109 41.04  91.028028  26.227684   -100 -100.00 -100.00 -100.00
 174    36.040 56380.91635746 44.70  91.023264  26.229181   -100 -100.00 -100.00 -100.00
 174    35.806 56380.91635805 46.17  91.024421  26.226745   -100 -100.00 -100.00 -100.00
 175    36.500 56390.83200244 43.61  91.023192  26.227507   -100 -100.00 -100.00 -100.00
 175    36.254 56390.83200303 41.13  91.024349  26.225072   -100 -100.00 -100.00 -100.00
 176    37.844 56400.74764535 43.80  91.025553  26.228165   -100 -100.00 -100.00 -100.00
 176    37.728 56400.74764594 43.51  91.026710  26.225729   -100 -100.00 -100.00 -100.00
 177    37.319 56410.66328518 47.76  91.028081  26.230474   -100 -100.00 -100.00 -100.00
 177    37.080 56410.66328577 50.08  91.029238  26.228038  0.964 -100.00 -100.00 -100.00
 177    37.256 56410.66328636 51.69  91.030395  26.225602  8.432 -100.00 -100.00 -100.00
 178    39.360 56420.57892052 47.82  91.031184  26.231330   -100 -100.00 -100.00 -100.00
 178    39.472 56420.57892111 51.12  91.032341  26.228894   -100 -100.00 -100.00 -100.00
 178    39.529 56420.57892170 51.09  91.033498  26.226457   -100 -100.00 -100.00 -100.00
 179    39.132 56430.49455721 47.70  91.031226  26.233328   -100 -100.00 -100.00 -100.00
 179    39.199 56430.49455780 47.48  91.032383  26.230892   -100 -100.00 -100.00 -100.00
 179    39.266 56430.49455839 49.88  91.033540  26.228456   -100 -100.00 -100.00 -100.00
 180    39.016 56440.41021026 48.71  91.026923  26.230998   -100 -100.00 -100.00 -100.00
 180    39.051 56440.41021085 51.17  91.028081  26.228562   -100 -100.00 -100.00 -100.00
 180    39.130 56440.41021144 50.63  91.029238  26.226126   -100 -100.00 -100.00 -100.00
 181    39.991 56450.32586092 47.48  91.024252  26.229859   -100 -100.00 -100.00 -100.00
 181    39.717 56450.32586151 50.74  91.025409  26.227423   -100 -100.00 -100.00 -100.00
 181    39.812 56450.32586210 50.71  91.026566  26.224986   -100 -100.00 -100.00 -100.00
 182    39.080 56460.24150964 26.81  91.024091  26.229065 16.683 -100.00 -100.00 -100.00
 182    39.055 56460.24151023 27.59  91.025248  26.226629 20.887 -100.00 -100.00 -100.00
 183    39.683 56470.15715495 51.06  91.024090  26.228963   -100 -100.00 -100.00 -100.00
 183    39.662 56470.15715554 54.17  91.025247  26.226527 18.234 -100.00 -100.00 -100.00
 184    41.146 56480.07279633 47.98  91.024159  26.229594 29.091 -100.00 -100.00 -100.00
 184    41.223 56480.07279692 52.16  91.025316  26.227157   -100 -100.00 -100.00 -100.00
 184    41.285 56480.07279752 52.78  91.026474  26.224721   -100 -100.00 -100.00 -100.00
 185    41.466 56489.98843378 48.48  91.024720  26.229853   -100 -100.00 -100.00 -100.00
 185    41.537 56489.98843437 49.21  91.025877  26.227417   -100 -100.00 -100.00 -100.00
 185    41.617 56489.98843496 52.64  91.027035  26.224981   -100 -100.00 -100.00 -100.00
 186    41.391 56499.90406856 20.16  91.026664  26.230264  4.692 -100.00 -100.00 -100.00
 186    41.146 56499.90406915 20.01  91.027821  26.227827  3.706 -100.00 -100.00 -100.00
 186    40.772 56499.90406974 19.99  91.028979  26.225391  3.968 -100.00 -100.00 -100.00
 187    41.001 56509.81970130 48.93  91.029326  26.233360   -100 -100.00 -100.00 -100.00
 187    40.934 56509.81970189 50.92  91.030484  26.230924   -100 -100.00 -100.00 -100.00
 187    40.703 56509.81970248 49.82  91.031641  26.228487  4.454 -100.00 -100.00 -100.00
 188    40.700 56519.73534327 34.55  91.031912  26.232812 29.930 -100.00 -100.00 -100.00
 188    40.564 56519.73534386 32.91  91.033070  26.230376 27.949 -100.00 -100.00 -100.00
 188    40.692 56519.73534445 32.03  91.034227  26.227939 24.000 -100.00 -100.00 -100.00
 189    39.890 56529.65099614 32.59  91.029832  26.233266 24.881 -100.00 -100.00 -100.00
 189    39.896 56529.65099673 29.29  91.030989  26.230830 15.281 -100.00 -100.00 -100.00
 189    40.086 56529.65099732 26.00  91.032147  26.228394  7.678 -100.00 -100.00 -100.00
 190    40.549 56539.56664570 42.94  91.029269  26.230952 30.476 -100.00 -100.00 -100.00
 190    40.556 56539.56664629 40.67  91.030426  26.228516 22.445 -100.00 -100.00 -100.00
 190    40.496 56539.56664688 44.68  91.031583  26.226079   -100 -100.00 -100.00 -100.00
 191    41.082 56549.48229084 49.33  91.027664  26.229392   -100 -100.00 -100.00 -100.00
 191    41.066 56549.48229143 50.47  91.028821  26.226956   -100 -100.00 -100.00 -100.00
 192    39.403 56559.39793367 50.25  91.025985  26.228674 11.833 -100.00 -100.00 -100.00
 192    39.357 56559.39793426 54.23  91.027143  26.226238   -100 -100.00 -100.00 -100.00
 193    38.907 56569.31357584 45.07  91.026132  26.228630   -100 -100.00 -100.00 -100.00
 193    38.939 56569.31357643 37.42  91.027290  26.226194 23.855 -100.00 -100.00 -100.00
 194    39.966 56579.22921631 43.78  91.027349  26.231839 15.324 -100.00 -100.00 -100.00
 194    39.013 56579.22921690 47.97  91.028506  26.229403   -100 -100.00 -100.00 -100.00
 194    38.874 56579.22921749 53.28  91.029664  26.226966 22.424 -100.00 -100.00 -100.00
 195    38.766 56589.14485383 42.65  91.031850  26.232420 22.545 -100.00 -100.00 -100.00
 195    38.221 56589.14485442 48.07  91.033007  26.229984   -100 -100.00 -100.00 -100.00
 195    38.434 56589.14485501 47.81  91.034165  26.227547   -100 -100.00 -100.00 -100.00
 196    38.561 56599.06049826 46.95  91.031672  26.233991   -100 -100.00 -100.00 -100.00
 196    38.384 56599.06049885 46.10  91.032829  26.231555   -100 -100.00 -100.00 -100.00
 196    38.349 56599.06049944 50.34  91.033986  26.229118 12.780 -100.00 -100.00 -100.00
 196    38.308 56599.06050003 52.30  91.035143  26.226682 18.763 -100.00 -100.00 -100.00
 197    37.965 56608.97614963 41.84  91.028561  26.231468 25.625 -100.00 -100.00 -100.00
 197    38.152 56608.97615023 47.89  91.029719  26.229031 28.460 -100.00 -100.00 -100.00
 197    37.642 56608.97615082 52.93  91.030876  26.226595  1.889 -100.00 -100.00 -100.00
 198    37.212 56618.89179602 40.86  91.026957  26.229033 21.843 -100.00 -100.00 -100.00
 198    37.255 56618.89179661 47.03  91.028114  26.226597   -100 -100.00 -100.00 -100.00
 199    37.441 56628.80743849 40.70  91.026238  26.229578 20.997 -100.00 -100.00 -100.00
 199    36.933 56628.80743908 44.84  91.027395  26.227142   -100 -100.00 -100.00 -100.00
 200    36.426 56638.72307775 37.25  91.027492  26.231192   -100 -100.00 -100.00 -100.00
 200    36.268 56638.72307834 36.43  91.028649  26.228756 28.267 -100.00 -100.00 -100.00
 200    36.560 56638.72307893 38.95  91.029806  26.226320 30.788 -100.00 -100.00 -100.00
 201    36.104 56648.63872150 38.60  91.028149  26.231951 29.957 -100.00 -100.00 -100.00
 201    36.407 56648.63872209 40.91  91.029306  26.229514 22.161 -100.00 -100.00 -100.00
 201    36.196 56648.63872268 54.11  91.030464  26.227078 10.186 -100.00 -100.00 -100.00
 202    36.705 56658.55437276 39.52  91.025582  26.230830 17.594 -100.00 -100.00 -100.00
 202    36.640 56658.55437335 40.70  91.026739  26.228394 18.991 -100.00 -100.00 -100.00
 202    36.146 56658.55437394 46.84  91.027897  26.225958   -100 -100.00 -100.00 -100.00
 203    36.278 56668.47002062 39.92  91.024491  26.227732 22.596 -100.00 -100.00 -100.00
 203    36.077 56668.47002121 44.99  91.025649  26.225295   -100 -100.00 -100.00 -100.00
 204    35.930 56678.38566556 40.57  91.023459  26.228453 26.941 -100.00 -100.00 -100.00
 204    36.346 56678.38566615 41.88  91.024617  26.226017 22.453 -100.00 -100.00 -100.00
 205    35.893 56688.30130934 40.43  91.024057  26.229745 30.389 -100.00 -100.00 -100.00
 205    36.379 56688.30130993 41.89  91.025214  26.227308 21.613 -100.00 -100.00 -100.00
 205    35.660 56688.30131052 46.19  91.026371  26.224872   -100 -100.00 -100.00 -100.00
 206    35.445 56698.21695093 31.67  91.025729  26.231094 29.890 -100.00 -100.00 -100.00
 206    35.496 56698.21695152 30.50  91.026886  26.228658 24.318 -100.00 -100.00 -100.00
 206    35.650 56698.21695211 30.79  91.028043  26.226222 24.304 -100.00 -100.00 -100.00
 207    36.182 56708.13258836 39.65  91.028866  26.230802 21.666 -100.00 -100.00 -100.00
 207    36.276 56708.13258895 42.71  91.030023  26.228366 22.272 -100.00 -100.00 -100.00
 207    35.811 56708.13258954 48.86  91.031180  26.225930   -100 -100.00 -100.00 -100.00
 208    35.674 56718.04822606 37.59  91.029111  26.232388   -100 -100.00 -100.00 -100.00
 208    35.877 56718.04822665 38.38  91.030268  26.229952   -100 -100.00 -100.00 -100.00
 208    35.585 56718.04822724 41.03  91.031425  26.227516   -100 -100.00 -100.00 -100.00
 209    36.086 56727.96387944 39.78  91.025901  26.229121 24.465 -100.00 -100.00 -100.00
 209    35.754 56727.96388003 41.98  91.027058  26.226685   -100 -100.00 -100.00 -100.00
 210    35.722 56737.87952806 39.39  91.023344  26.228621   -100 -100.00 -100.00 -100.00
 210    35.904 56737.87952865 40.74  91.024501  26.226185 30.996 -100.00 -100.00 -100.00
 211    36.722 56747.79517313 42.09  91.023759  26.227934 17.327 -100.00 -100.00 -100.00
 211    36.443 56747.79517372 45.00  91.024916  26.225498 24.714 -100.00 -100.00 -100.00
 212    36.279 56757.71081326 38.80  91.026021  26.229741 29.779 -100.00 -100.00 -100.00
 212    36.128 56757.71081385 39.95  91.027178  26.227305 32.408 -100.00 -100.00 -100.00
 213    37.163 56767.62644747 39.97  91.029850  26.231889 21.763 -100.00 -100.00 -100.00
 213    37.129 56767.62644806 43.87  91.031007  26.229453 25.486 -100.00 -100.00 -100.00
 213    36.711 56767.62644865 49.10  91.032164  26.227017   -100 -100.00 -100.00 -100.00
 214    37.122 56777.54209186 41.98  91.029161  26.232419 20.820 -100.00 -100.00 -100.00
 214    37.545 56777.54209245 44.07  91.030318  26.229983 17.881 -100.00 -100.00 -100.00
 214    36.653 56777.54209304 48.99  91.031475  26.227547   -100 -100.00 -100.00 -100.00
 215    40.052 56787.45774801 26.19  91.025360  26.229640 11.666 -100.00 -100.00 -100.00
 215    39.738 56787.45774860 26.08  91.026517  26.227204 10.726 -100.00 -100.00 -100.00
 216    39.996 56797.37340043 48.21  91.021292  26.228759   -100 -100.00 -100.00 -100.00
 216    39.791 56797.37340102 49.67  91.022449  26.226323   -100 -100.00 -100.00 -100.00
 216    39.904 56797.37340161 49.24  91.023606  26.223887   -100 -100.00 -100.00 -100.00
 217    38.785 56807.28904814 51.14  91.020382  26.227133   -100 -100.00 -100.00 -100.00
 217    38.798 56807.28904873 53.00  91.021539  26.224697   -100 -100.00 -100.00 -100.00
 217    38.989 56807.28905168 55.07  91.027324  26.212516   -100 -100.00 -100.00 -100.00
 218    39.506 56817.20468984 50.22  91.022049  26.226787   -100 -100.00 -100.00 -100.00
 218    39.278 56817.20469043 51.16  91.023206  26.224350   -100 -100.00 -100.00 -100.00
 219    39.547 56827.12032733 50.34  91.023084  26.229531 18.290 -100.00 -100.00 -100.00
 219    39.823 56827.12032792 50.20  91.024242  26.227095   -100 -100.00 -100.00 -100.00
 219    39.516 56827.12032851 48.55  91.025399  26.224659  4.311 -100.00 -100.00 -100.00
 220    41.134 56837.03596225 42.31  91.025940  26.229252 18.509 -100.00 -100.00 -100.00
 220    41.182 56837.03596284 45.09  91.027098  26.226815 22.958 -100.00 -100.00 -100.00
 221    41.160 56846.95159373 47.14  91.029128  26.230277   -100 -100.00 -100.00 -100.00
 221    40.946 56846.95159433 50.52  91.030285  26.227841   -100 -100.00 -100.00 -100.00
 222    41.191 56856.86724380 41.86  91.027077  26.230609 24.000 -100.00 -100.00 -100.00
 222    41.228 56856.86724439 40.57  91.028234  26.228172 18.324 -100.00 -100.00 -100.00
 222    41.176 56856.86724498 41.43  91.029391  26.225736 20.599 -100.00 -100.00 -100.00
 223    88.022 56866.78289710 17.19  91.026449  26.228919 11.677 -100.00 -100.00 -100.00
 223    89.123 56866.78289769 22.76  91.027606  26.226483  7.894 -100.00 -100.00 -100.00
 224    40.532 56876.69854816 32.05  91.024474  26.230454 18.889 -100.00 -100.00 -100.00
 224    40.500 56876.69854875 28.15  91.025631  26.228017 10.585 -100.00 -100.00 -100.00
 224    40.536 56876.69854934 27.88  91.026788  26.225581  9.059 -100.00 -100.00 -100.00
 225    42.222 56886.61419712 43.77  91.024299  26.227650 19.745 -100.00 -100.00 -100.00
 225    42.263 56886.61419771 48.20  91.025456  26.225213   -100 -100.00 -100.00 -100.00
 226    42.661 56896.52984248 45.68  91.022186  26.228430 23.868 -100.00 -100.00 -100.00
 226    42.863 56896.52984307 46.12  91.023344  26.225994 21.273 -100.00 -100.00 -100.00
 227    40.823 56906.44548524 49.27  91.020884  26.228852   -100 -100.00 -100.00 -100.00
 227    40.807 56906.44548583 47.46  91.022041  26.226416   -100 -100.00 -100.00 -100.00
 227    40.778 56906.44548642 47.30  91.023199  26.223979   -100 -100.00 -100.00 -100.00
 228    40.984 56916.36112656 54.06  91.021785  26.227966   -100 -100.00 -100.00 -100.00
 228    40.922 56916.36112715 54.05  91.022943  26.225529   -100 -100.00 -100.00 -100.00
 229    40.756 56926.27676621 39.71  91.024818  26.227809 13.409 -100.00 -100.00 -100.00
 229    40.785 56926.27676680 39.95  91.025975  26.225372 14.670 -100.00 -100.00 -100.00
 230    39.989 56936.19240183 49.14  91.027554  26.231402   -100 -100.00 -100.00 -100.00
 230    39.941 56936.19240242 53.51  91.028711  26.228966 24.757 -100.00 -100.00 -100.00
 230    39.907 56936.19240301 50.61  91.029869  26.226529  8.906 -100.00 -100.00 -100.00
 231    38.806 56946.10803276 29.58  91.032222  26.232978 19.299 -100.00 -100.00 -100.00
 231    38.624 56946.10803335 34.44  91.033380  26.230542   -100 -100.00 -100.00 -100.00
 231    38.776 56946.10803394 33.77  91.034537  26.228105   -100 -100.00 -100.00 -100.00
 232    38.194 56956.02368589 45.08  91.029642  26.230869   -100 -100.00 -100.00 -100.00
 232    37.793 56956.02368648 49.09  91.030799  26.228433 16.889 -100.00 -100.00 -100.00
 232    38.125 56956.02368707 47.15  91.031956  26.225997   -100 -100.00 -100.00 -100.00
 233    37.713 56965.93933521 40.62  91.026774  26.229158 31.759 -100.00 -100.00 -100.00
 233    37.259 56965.93933580 41.92  91.027931  26.226722   -100 -100.00 -100.00 -100.00
 234    37.051 56975.85497948 40.11  91.024947  26.230365 26.556 -100.00 -100.00 -100.00
 234    36.876 56975.85498007 46.42  91.026104  26.227929  5.733 -100.00 -100.00 -100.00
 234    36.928 56975.85498066 56.07  91.027261  26.225493 13.480 -100.00 -100.00 -100.00
 235    37.702 56985.77061968 39.01  91.026506  26.230367 16.537 -100.00 -100.00 -100.00
 235    36.673 56985.77062027 47.41  91.027663  26.227931  9.581 -100.00 -100.00 -100.00
 235    36.605 56985.77062086 50.58  91.028820  26.225494 28.086 -100.00 -100.00 -100.00
 236    36.584 56995.68625411 41.02  91.029826  26.231789 27.696 -100.00 -100.00 -100.00
 236    36.419 56995.68625470 53.56  91.030983  26.229352   -100 -100.00 -100.00 -100.00
 236    36.362 56995.68625529 53.53  91.032140  26.226916   -100 -100.00 -100.00 -100.00
 237    36.210 57005.60189650 37.09  91.030856  26.231343 26.139 -100.00 -100.00 -100.00
 237    36.573 57005.60189709 43.19  91.032013  26.228907 32.727 -100.00 -100.00 -100.00
 237    36.926 57005.60189768 41.82  91.033171  26.226471 23.392 -100.00 -100.00 -100.00
 238    36.804 57015.51755121 44.01  91.027038  26.229616 21.130 -100.00 -100.00 -100.00
 238    36.290 57015.51755180 55.73  91.028195  26.227180   -100 -100.00 -100.00 -100.00
 239    36.203 57025.43320162 37.22  91.023815  26.229776 25.264 -100.00 -100.00 -100.00
 239    35.873 57025.43320221 34.57  91.024973  26.227339 25.083 -100.00 -100.00 -100.00
 239    35.864 57025.43320280 31.72  91.026130  26.224903 14.917 -100.00 -100.00 -100.00
 240    35.991 57035.34885059 39.06  91.023624  26.229108 21.379 -100.00 -100.00 -100.00
 240    36.664 57035.34885118 42.11  91.024781  26.226672 19.279 -100.00 -100.00 -100.00
 241    36.029 57045.26449687 40.16  91.024547  26.230334 26.042 -100.00 -100.00 -100.00
 241    35.512 57045.26449746 44.23  91.025704  26.227897   -100 -100.00 -100.00 -100.00
 241    35.498 57045.26449805 49.54  91.026861  26.225461 25.425 -100.00 -100.00 -100.00
 242    35.383 57055.18014026 38.87  91.026016  26.231066 29.951 -100.00 -100.00 -100.00
 242    35.552 57055.18014085 45.09  91.027173  26.228630   -100 -100.00 -100.00 -100.00
 242    35.529 57055.18014144 55.58  91.028330  26.226194 30.560 -100.00 -100.00 -100.00
 243    36.379 57065.09577913 43.20  91.027881  26.229594 18.917 -100.00 -100.00 -100.00
 243    35.515 57065.09577972 49.12  91.029038  26.227158   -100 -100.00 -100.00 -100.00
 244    35.161 57075.01141220 39.37  91.027849  26.232403   -100 -100.00 -100.00 -100.00
 244    35.718 57075.01141280 42.12  91.029006  26.229967 31.797 -100.00 -100.00 -100.00
 244    35.378 57075.01141339 43.31  91.030163  26.227531  0.443 -100.00 -100.00 -100.00
 245    39.235 57084.92704275 27.20  91.031362  26.232204 10.178 -100.00 -100.00 -100.00
 245    35.276 57084.92704334 30.71  91.032519  26.229768 19.399 -100.00 -100.00 -100.00
 245    35.501 57084.92704394 34.91  91.033676  26.227332 31.086 -100.00 -100.00 -100.00
 246    36.716 57094.84269669 45.15  91.029062  26.231858 23.898 -100.00 -100.00 -100.00
 246    36.256 57094.84269728 49.47  91.030219  26.229422   -100 -100.00 -100.00 -100.00
 246    36.182 57094.84269787 49.64  91.031376  26.226986   -100 -100.00 -100.00 -100.00
 247    36.523 57104.75835302 44.14  91.027091  26.230979 21.627 -100.00 -100.00 -100.00
 247    35.948 57104.75835361 51.22  91.028248  26.228542   -100 -100.00 -100.00 -100.00
 247    36.017 57104.75835420 54.20  91.029405  26.226107   -100 -100.00 -100.00 -100.00
 248    36.551 57114.67400482 26.98  91.026304  26.231039 10.337 -100.00 -100.00 -100.00
 248    35.995 57114.67400541 28.50  91.027461  26.228603 14.361 -100.00 -100.00 -100.00
 248    36.519 57114.67400600 28.44  91.028618  26.226167 13.846 -100.00 -100.00 -100.00
 249    37.583 57124.58965066 38.35  91.026163  26.230234 20.822 -100.00 -100.00 -100.00
 249    37.769 57124.58965125 38.41  91.027320  26.227798 16.699 -100.00 -100.00 -100.00
 249    37.819 57124.58965184 43.73  91.028477  26.225362   -100 -100.00 -100.00 -100.00
 250    37.512 57134.50529099 41.79  91.025345  26.230529   -100 -100.00 -100.00 -100.00
 250    37.305 57134.50529158 41.72  91.026503  26.228092   -100 -100.00 -100.00 -100.00
 250    37.454 57134.50529217 41.87  91.027660  26.225656   -100 -100.00 -100.00 -100.00
 251    37.753 57144.42092764 48.33  91.027238  26.229207   -100 -100.00 -100.00 -100.00
 251    37.950 57144.42092823 48.48  91.028395  26.226771   -100 -100.00 -100.00 -100.00
 252    38.040 57154.33656125 46.35  91.029434  26.231341 29.352 -100.00 -100.00 -100.00
 252    37.870 57154.33656184 50.36  91.030591  26.228905   -100 -100.00 -100.00 -100.00
 252    37.709 57154.33656243 53.61  91.031748  26.226469 23.058 -100.00 -100.00 -100.00
 253    39.608 57164.25219845 48.77  91.031480  26.233230   -100 -100.00 -100.00 -100.00
 253    39.421 57164.25219904 52.41  91.032637  26.230794   -100 -100.00 -100.00 -100.00
 253    39.489 57164.25219963 52.50  91.033794  26.228358  2.928 -100.00 -100.00 -100.00
 254    39.505 57174.16785554 35.25  91.028558  26.232031 18.671 -100.00 -100.00 -100.00
 254    39.552 57174.16785613 35.08  91.029716  26.229595 17.018 -100.00 -100.00 -100.00
 254    39.776 57174.16785672 34.21  91.030873  26.227159 14.953 -100.00 -100.00 -100.00
 255    41.608 57184.08350969 46.57  91.026800  26.228772 32.097 -100.00 -100.00 -100.00
 255    41.464 57184.08351028 44.31  91.027957  26.226335 28.981 -100.00 -100.00 -100.00
 256    41.073 57193.99915885 47.89  91.023452  26.229580   -100 -100.00 -100.00 -100.00
 256    41.428 57193.99915944 48.10  91.024610  26.227144 28.560 -100.00 -100.00 -100.00
 256    41.383 57193.99916003 48.53  91.025767  26.224708   -100 -100.00 -100.00 -100.00
 257    40.770 57203.91480595 26.75  91.022051  26.228886 11.636 -100.00 -100.00 -100.00
 257    40.698 57203.91480654 24.39  91.023208  26.226450  7.181 -100.00 -100.00 -100.00
 257    40.767 57203.91480713 22.96  91.024366  26.224014  6.267 -100.00 -100.00 -100.00
 258    40.814 57213.83043955 54.27  91.022565  26.229235   -100 -100.00 -100.00 -100.00
 258    40.645 57213.83044014 55.55  91.023722  26.226799 11.721 -100.00 -100.00 -100.00
 258    40.632 57213.83044073 56.61  91.024880  26.224363 27.110 -100.00 -100.00 -100.00
 259    40.420 57223.74608292 51.55  91.024901  26.230418  2.261 -100.00 -100.00 -100.00
 259    40.370 57223.74608351 52.61  91.026058  26.227982 12.589 -100.00 -100.00 -100.00
 259    40.341 57223.74608410 53.52  91.027215  26.225545 21.586 -100.00 -100.00 -100.00
 260    39.926 57233.66172483 43.21  91.027783  26.230074   -100 -100.00 -100.00 -100.00
 260    39.899 57233.66172542 45.91  91.028940  26.227638   -100 -100.00 -100.00 -100.00
 261    39.831 57243.57736336 27.99  91.028690  26.230680 13.322 -100.00 -100.00 -100.00
 261    39.776 57243.57736395 26.77  91.029848  26.228244 10.671 -100.00 -100.00 -100.00
 261    39.657 57243.57736454 28.31  91.031005  26.225807 14.146 -100.00 -100.00 -100.00
 262    40.181 57253.49299948 43.03  91.029029  26.230879   -100 -100.00 -100.00 -100.00
 262    40.490 57253.49300007 45.40  91.030186  26.228443   -100 -100.00 -100.00 -100.00
 262    40.357 57253.49300066 45.18  91.031344  26.226006   -100 -100.00 -100.00 -100.00
 263    41.331 57263.40863435 44.01  91.030402  26.231386   -100 -100.00 -100.00 -100.00
 263    41.650 57263.40863494 42.47  91.031559  26.228949 25.309 -100.00 -100.00 -100.00
 263    41.639 57263.40863553 44.15  91.032717  26.226513 27.682 -100.00 -100.00 -100.00
 265    40.754 57283.23992958 49.25  91.031427  26.231984   -100 -100.00 -100.00 -100.00
 265    40.944 57283.23993017 51.52  91.032584  26.229547   -100 -100.00 -100.00 -100.00
 265    40.899 57283.23993076 48.81  91.033741  26.227111   -100 -100.00 -100.00 -100.00
 266    41.267 57293.15558422 51.29  91.029161  26.232815   -100 -100.00 -100.00 -100.00
 266    41.327 57293.15558481 52.31  91.030319  26.230378   -100 -100.00 -100.00 -100.00
 266    41.341 57293.15558540 49.26  91.031476  26.227942   -100 -100.00 -100.00 -100.00
 267    39.335 57303.07123575 43.35  91.026690  26.231605 32.606 -100.00 -100.00 -100.00
 267    39.150 57303.07123634 38.71  91.027848  26.229169 23.085 -100.00 -100.00 -100.00
 267    39.080 57303.07123693 36.02  91.029005  26.226732 13.307 -100.00 -100.00 -100.00
 268    38.380 57312.98688376 50.25  91.024614  26.228789   -100 -100.00 -100.00 -100.00
 268    38.127 57312.98688435 50.20  91.025771  26.226353 13.383 -100.00 -100.00 -100.00
 269    37.720 57322.90252811 51.44  91.022860  26.227223   -100 -100.00 -100.00 -100.00
 269    37.455 57322.90252870 53.23  91.024017  26.224786 30.131 -100.00 -100.00 -100.00
 270    37.124 57332.81816995 48.33  91.022921  26.227840   -100 -100.00 -100.00 -100.00
 270    36.891 57332.81817055 50.70  91.024078  26.225404 15.231 -100.00 -100.00 -100.00
 271    36.651 57342.73380980 52.44  91.025282  26.228949 21.117 -100.00 -100.00 -100.00
 271    36.887 57342.73381039 51.36  91.026440  26.226512   -100 -100.00 -100.00 -100.00
 272    36.483 57352.64946174 51.35  91.023797  26.228695  5.969 -100.00 -100.00 -100.00
 272    36.219 57352.64946233 54.42  91.024954  26.226259   -100 -100.00 -100.00 -100.00
 273    36.049 57362.56510555 41.03  91.023620  26.229315   -100 -100.00 -100.00 -100.00
 273    36.170 57362.56510614 40.95  91.024778  26.226879 30.172 -100.00 -100.00 -100.00
 274    35.854 57372.48074637 48.65  91.023667  26.229184 12.934 -100.00 -100.00 -100.00
 274    36.078 57372.48074696 48.12  91.024825  26.226747   -100 -100.00 -100.00 -100.00
 275    35.820 57382.39638554 39.67  91.024351  26.229740   -100 -100.00 -100.00 -100.00
 275    35.593 57382.39638614 33.19  91.025508  26.227304 26.227 -100.00 -100.00 -100.00
 275    35.809 57382.39638673 36.39  91.026665  26.224867   -100 -100.00 -100.00 -100.00
 276    35.654 57392.31202439 48.30  91.026577  26.231305   -100 -100.00 -100.00 -100.00
 276    35.561 57392.31202498 52.72  91.027734  26.228869 20.255 -100.00 -100.00 -100.00
 276    35.485 57392.31202557 52.68  91.028892  26.226433 19.690 -100.00 -100.00 -100.00
 277    35.720 57402.22766248 39.90  91.030306  26.233229   -100 -100.00 -100.00 -100.00
 277    35.548 57402.22766307 42.41  91.031463  26.230793   -100 -100.00 -100.00 -100.00
 277    35.639 57402.22766366 44.29  91.032620  26.228356   -100 -100.00 -100.00 -100.00
 278    35.576 57412.14330614 45.60  91.032371  26.233065   -100 -100.00 -100.00 -100.00
 278    35.462 57412.14330673 40.64  91.033529  26.230629   -100 -100.00 -100.00 -100.00
 278    35.545 57412.14330732 49.49  91.034686  26.228192  4.794 -100.00 -100.00 -100.00
 279    35.564 57422.05895862 51.37  91.029858  26.230913   -100 -100.00 -100.00 -100.00
 279    35.360 57422.05895921 53.35  91.031015  26.228477   -100 -100.00 -100.00 -100.00
 279    35.291 57422.05895980 52.52  91.032172  26.226041 15.341 -100.00 -100.00 -100.00
 280    35.409 57431.97460815 53.98  91.026392  26.228956 13.123 -100.00 -100.00 -100.00
 280    35.419 57431.97460874 53.37  91.027549  26.226520  3.742 -100.00 -100.00 -100.00
 281    35.448 57441.89025520 47.54  91.023676  26.229253   -100 -100.00 -100.00 -100.00
 281    35.276 57441.89025579 48.25  91.024833  26.226817   -100 -100.00 -100.00 -100.00
 282    35.756 57451.80590146 43.16  91.024027  26.229933   -100 -100.00 -100.00 -100.00
 282    35.817 57451.80590205 40.96  91.025184  26.227497   -100 -100.00 -100.00 -100.00
 282    35.616 57451.80590264 43.73  91.026340  26.225061   -100 -100.00 -100.00 -100.00
 283    35.785 57461.72154623 46.44  91.026021  26.230207   -100 -100.00 -100.00 -100.00
 283    36.066 57461.72154682 48.64  91.027178  26.227771   -100 -100.00 -100.00 -100.00
 283    35.945 57461.72154741 46.85  91.028335  26.225335   -100 -100.00 -100.00 -100.00
 284    36.575 57471.63718755 52.39  91.028947  26.230486   -100 -100.00 -100.00 -100.00
 284    36.374 57471.63718814 53.64  91.030104  26.228050 10.909 -100.00 -100.00 -100.00
 285    36.304 57481.55282428 36.06  91.029442  26.233121 18.091 -100.00 -100.00 -100.00
 285    36.542 57481.55282487 39.93  91.030599  26.230684 25.474 -100.00 -100.00 -100.00
 285    37.325 57481.55282546 41.14  91.031756  26.228248 17.819 -100.00 -100.00 -100.00
 286    38.774 57491.46845855 24.54  91.029895  26.233130 13.390 -100.00 -100.00 -100.00
 286    38.559 57491.46845914 26.10  91.031052  26.230693 17.525 -100.00 -100.00 -100.00
 286    38.842 57491.46845973 27.16  91.032209  26.228257 19.072 -100.00 -100.00 -100.00
 287    99.706 57501.38409137 15.98  91.032249  26.232293 11.381 -100.00 -100.00 -100.00
 287    97.434 57501.38409196 18.92  91.033406  26.229857 14.004 -100.00 -100.00 -100.00
 287    98.778 57501.38409255 19.14  91.034563  26.227421 14.054 -100.00 -100.00 -100.00
 288    39.656 57511.29973968 49.54  91.030803  26.232284   -100 -100.00 -100.00 -100.00
 288    39.721 57511.29974027 49.49  91.031960  26.229848 32.304 -100.00 -100.00 -100.00
 288    39.735 57511.29974086 52.42  91.033117  26.227412   -100 -100.00 -100.00 -100.00
 289    38.466 57521.21539559 53.76  91.028725  26.230682 13.554 -100.00 -100.00 -100.00
 289    38.424 57521.21539618 54.19  91.029882  26.228246 14.169 -100.00 -100.00 -100.00
 289    38.406 57521.21539677 49.60  91.031040  26.225810   -100 -100.00 -100.00 -100.00
 290    40.056 57531.13104907 46.35  91.027598  26.229231   -100 -100.00 -100.00 -100.00
 290    40.244 57531.13104966 48.92  91.028756  26.226795   -100 -100.00 -100.00 -100.00
 291    39.510 57541.04669848 51.35  91.024994  26.230605   -100 -100.00 -100.00 -100.00
 291    39.485 57541.04669907 50.88  91.026151  26.228169   -100 -100.00 -100.00 -100.00
 291    39.423 57541.04669966 48.91  91.027309  26.225733   -100 -100.00 -100.00 -100.00
 292    39.221 57550.96234566 24.12  91.023996  26.228735 10.462 -100.00 -100.00 -100.00
 292    39.056 57550.96234625 27.13  91.025153  26.226299 17.254 -100.00 -100.00 -100.00
 293    40.663 57560.87799077 41.61  91.022983  26.228804 22.632 -100.00 -100.00 -100.00
 293    40.599 57560.87799136 42.77  91.024140  26.226368 27.299 -100.00 -100.00 -100.00
 294    40.930 57570.79363554 46.24  91.023968  26.228131 32.411 -100.00 -100.00 -100.00
 294    40.936 57570.79363613 46.34  91.025125  26.225695 31.130 -100.00 -100.00 -100.00
 295    41.405 57580.70927974 48.72  91.025383  26.229253   -100 -100.00 -100.00 -100.00
 295    41.450 57580.70928033 50.12  91.026540  26.226816   -100 -100.00 -100.00 -100.00
 296    41.434 57590.62492199 39.32  91.026644  26.231296 19.597 -100.00 -100.00 -100.00
 296    41.420 57590.62492258 40.41  91.027801  26.228860 21.511 -100.00 -100.00 -100.00
 296    41.415 57590.62492317 41.72  91.028959  26.226424 26.261 -100.00 -100.00 -100.00
 297    42.066 57600.54056197 50.49  91.027534  26.231162   -100 -100.00 -100.00 -100.00
 297    42.158 57600.54056256 48.33  91.028692  26.228726 31.056 -100.00 -100.00 -100.00
 297    42.185 57600.54056315 50.28  91.029849  26.226289   -100 -100.00 -100.00 -100.00
