#   29.320  -0.198   1.035 ;Mean Elev.(m), Avg Gradient(m/km), RMS Gradient(m/km) - SRTM1     
#   24.463  -0.322   1.231 ;Mean Elev.(m), Avg Gradient(m/km), RMS Gradient(m/km) - ASTER GDEM
#   28.802  -0.530   2.720 ;Mean Elev.(m), Avg Gradient(m/km), RMS Gradient(m/km) - GMTED2010 
   3   -54.614 54687.89137149  8.10  90.344524  26.115968  2.125 -100.00 -100.00 -100.00
   3   -54.416 54687.89137208  7.56  90.345679  26.118405  2.157 -100.00 -100.00 -100.00
   3   -54.389 54687.89137267  7.37  90.346833  26.120841  2.052 -100.00 -100.00 -100.00
   4    34.250 54697.80701242 48.48  90.346626  26.115496   -100 -100.00 -100.00 -100.00
   4    34.269 54697.80701301 50.36  90.347780  26.117933   -100 -100.00 -100.00 -100.00
   4    34.436 54697.80701360 50.52  90.348935  26.120369   -100 -100.00 -100.00 -100.00
   5   -52.094 54707.72265435  9.93  90.349331  26.115522  1.973 -100.00 -100.00 -100.00
   5   -51.007 54707.72265494 10.18  90.350485  26.117958  2.133 -100.00 -100.00 -100.00
   5   -49.875 54707.72265553 10.24  90.351639  26.120395  2.163 -100.00 -100.00 -100.00
   7   -45.163 54727.55395535  8.83  90.346862  26.117451  2.148 -100.00 -100.00 -100.00
   7   -44.843 54727.55395594  9.66  90.348016  26.119888  2.258 -100.00 -100.00 -100.00
   7   -44.549 54727.55395653  9.53  90.349171  26.122325  2.297 -100.00 -100.00 -100.00
   8    88.196 54737.46960268  5.90  90.343113  26.116236  3.285 -100.00 -100.00 -100.00
   8    87.066 54737.46960328  7.06  90.344268  26.118673  2.948 -100.00 -100.00 -100.00
   8    87.643 54737.46960387  6.33  90.345423  26.121110  3.169 -100.00 -100.00 -100.00
   8    93.211 54737.46960446  2.85  90.346578  26.123546  2.645 -100.00 -100.00 -100.00
   9    95.300 54747.38524985 20.61  90.339423  26.114889 17.809 -100.00 -100.00 -100.00
   9    97.541 54747.38525044 22.52  90.340578  26.117325 14.566 -100.00 -100.00 -100.00
   9    97.723 54747.38525103 18.69  90.341732  26.119762 11.848 -100.00 -100.00 -100.00
   9    95.703 54747.38525163  6.98  90.342887  26.122199  7.046 -100.00 -100.00 -100.00
   9    94.423 54747.38525222  8.60  90.344042  26.124635 10.127 -100.00 -100.00 -100.00
  10    30.878 54757.30089726 31.34  90.337937  26.115368 21.327 -100.00 -100.00 -100.00
  10    31.055 54757.30089785 33.08  90.339091  26.117804 25.851 -100.00 -100.00 -100.00
  10    31.618 54757.30089844 29.18  90.340246  26.120241 12.699 -100.00 -100.00 -100.00
  10    31.731 54757.30089903 32.24  90.341401  26.122678 20.247 -100.00 -100.00 -100.00
  11    95.828 54767.21654266 20.55  90.338516  26.114765 14.121 -100.00 -100.00 -100.00
  11    94.835 54767.21654325 24.11  90.339671  26.117202 18.724 -100.00 -100.00 -100.00
  11    94.253 54767.21654384  6.52  90.340825  26.119639  6.946 -100.00 -100.00 -100.00
  11    96.880 54767.21654503 12.41  90.343135  26.124513  5.859 -100.00 -100.00 -100.00
  12    30.393 54777.13218558 35.34  90.342104  26.116905   -100 -100.00 -100.00 -100.00
  12    30.792 54777.13218617 30.59  90.343259  26.119342 21.943 -100.00 -100.00 -100.00
  12    30.915 54777.13218676 29.35  90.344414  26.121779 19.032 -100.00 -100.00 -100.00
  12    30.720 54777.13218735 29.19  90.345569  26.124215 16.413 -100.00 -100.00 -100.00
  13    29.779 54787.04782501 49.15  90.343463  26.115387   -100 -100.00 -100.00 -100.00
  13    29.556 54787.04782560 52.66  90.344618  26.117824 21.716 -100.00 -100.00 -100.00
  13    29.897 54787.04782619 53.74  90.345773  26.120260   -100 -100.00 -100.00 -100.00
  13    29.822 54787.04782678 53.80  90.346928  26.122697   -100 -100.00 -100.00 -100.00
  14    29.182 54796.96346341 41.34  90.344535  26.115708   -100 -100.00 -100.00 -100.00
  14    29.297 54796.96346400 39.10  90.345690  26.118145 31.167 -100.00 -100.00 -100.00
  14    29.542 54796.96346459 44.64  90.346845  26.120582   -100 -100.00 -100.00 -100.00
  15    28.917 54806.87910156 48.87  90.346338  26.116929  2.441 -100.00 -100.00 -100.00
  15    28.978 54806.87910215 51.15  90.347493  26.119366 17.085 -100.00 -100.00 -100.00
  15    29.154 54806.87910274 50.91  90.348647  26.121803  1.634 -100.00 -100.00 -100.00
  16    28.704 54816.79473868 45.75  90.348336  26.116154   -100 -100.00 -100.00 -100.00
  16    28.981 54816.79473927 47.65  90.349491  26.118590   -100 -100.00 -100.00 -100.00
  16    28.974 54816.79473986 46.11  90.350646  26.121027   -100 -100.00 -100.00 -100.00
  17    28.724 54826.71038704 44.73  90.347264  26.116274   -100 -100.00 -100.00 -100.00
  17    28.748 54826.71038763 45.72  90.348419  26.118711   -100 -100.00 -100.00 -100.00
  17    28.557 54826.71038822 42.85  90.349574  26.121148   -100 -100.00 -100.00 -100.00
  18    28.625 54836.62602585 49.91  90.344200  26.116341   -100 -100.00 -100.00 -100.00
  18    28.445 54836.62602644 51.14  90.345355  26.118778 15.313 -100.00 -100.00 -100.00
  18    28.551 54836.62602703 52.45  90.346510  26.121215  5.211 -100.00 -100.00 -100.00
  19    28.442 54846.54167453 47.91  90.339226  26.114390   -100 -100.00 -100.00 -100.00
  19    28.482 54846.54167512 43.12  90.340381  26.116827 32.229 -100.00 -100.00 -100.00
  19    28.264 54846.54167571 43.76  90.341535  26.119264   -100 -100.00 -100.00 -100.00
  19    28.381 54846.54167630 41.06  90.342690  26.121701   -100 -100.00 -100.00 -100.00
  19    28.443 54846.54167689 38.61  90.343845  26.124138 23.855 -100.00 -100.00 -100.00
  20    28.254 54856.45732394 29.25  90.337381  26.116658 12.966 -100.00 -100.00 -100.00
  20    28.007 54856.45732453 31.65  90.338536  26.119096 21.365 -100.00 -100.00 -100.00
  20    27.993 54856.45732512 30.76  90.339690  26.121533 16.914 -100.00 -100.00 -100.00
  20    28.246 54856.45732571 32.27  90.340845  26.123970 22.775 -100.00 -100.00 -100.00
  21    27.970 54866.37297316 48.64  90.336113  26.117235 13.206 -100.00 -100.00 -100.00
  21    27.958 54866.37297375 45.83  90.337268  26.119672   -100 -100.00 -100.00 -100.00
  21    27.921 54866.37297434 42.54  90.338423  26.122110   -100 -100.00 -100.00 -100.00
  21    27.915 54866.37297493 41.47  90.339578  26.124547   -100 -100.00 -100.00 -100.00
  22    27.926 54876.28862190 47.41  90.336104  26.117213   -100 -100.00 -100.00 -100.00
  22    27.838 54876.28862249 44.55  90.337259  26.119650   -100 -100.00 -100.00 -100.00
  22    27.827 54876.28862308 43.49  90.338414  26.122087   -100 -100.00 -100.00 -100.00
  22    27.775 54876.28862367 42.79  90.339569  26.124525   -100 -100.00 -100.00 -100.00
  23    28.345 54886.20426722 40.71  90.336508  26.114882 29.537 -100.00 -100.00 -100.00
  23    27.837 54886.20426781 45.20  90.337663  26.117320 16.055 -100.00 -100.00 -100.00
  23    27.772 54886.20426840 39.05  90.338818  26.119757   -100 -100.00 -100.00 -100.00
  23    27.775 54886.20426899 35.69  90.339973  26.122194   -100 -100.00 -100.00 -100.00
  23    27.719 54886.20426958 34.06  90.341128  26.124631 29.919 -100.00 -100.00 -100.00
  24    34.273 54896.11990936 26.57  90.337039  26.114345 11.972 -100.00 -100.00 -100.00
  24    33.850 54896.11990995 26.72  90.338194  26.116782 13.420 -100.00 -100.00 -100.00
  24    33.643 54896.11991055 24.31  90.339349  26.119219 10.110 -100.00 -100.00 -100.00
  24    33.137 54896.11991114 26.47  90.340504  26.121656 12.846 -100.00 -100.00 -100.00
  24    28.422 54896.11991173 29.08  90.341659  26.124094 21.844 -100.00 -100.00 -100.00
  25    28.284 54906.03554878 54.58  90.337138  26.114838   -100 -100.00 -100.00 -100.00
  25    28.333 54906.03554937 55.57  90.338293  26.117275   -100 -100.00 -100.00 -100.00
  25    28.372 54906.03554996 51.01  90.339448  26.119713 28.515 -100.00 -100.00 -100.00
  25    28.295 54906.03555055 41.91  90.340603  26.122150   -100 -100.00 -100.00 -100.00
  25    28.427 54906.03555114 40.23  90.341758  26.124587 29.802 -100.00 -100.00 -100.00
  26    28.468 54915.95118672 55.79  90.337592  26.115031 24.034 -100.00 -100.00 -100.00
  26    28.520 54915.95118790 46.38  90.339901  26.119905   -100 -100.00 -100.00 -100.00
  26    28.284 54915.95118849 43.43  90.341057  26.122342   -100 -100.00 -100.00 -100.00
  26    28.325 54915.95118908 41.08  90.342212  26.124779   -100 -100.00 -100.00 -100.00
  27    34.300 54925.86682448 24.44  90.339186  26.115664  6.601 -100.00 -100.00 -100.00
  27    33.850 54925.86682507 24.81  90.340341  26.118101  8.665 -100.00 -100.00 -100.00
  27    33.506 54925.86682566 24.37  90.341496  26.120538  6.794 -100.00 -100.00 -100.00
  27    31.480 54925.86682625 25.45  90.342651  26.122975  9.469 -100.00 -100.00 -100.00
  28    29.215 54935.78246180 51.24  90.342640  26.116773 16.726 -100.00 -100.00 -100.00
  28    29.329 54935.78246239 51.14  90.343795  26.119210  9.687 -100.00 -100.00 -100.00
  28    29.465 54935.78246298 51.86  90.344950  26.121647   -100 -100.00 -100.00 -100.00
  28    29.534 54935.78246357 46.66  90.346105  26.124084   -100 -100.00 -100.00 -100.00
  29    30.313 54945.69809718 50.87  90.347252  26.117178   -100 -100.00 -100.00 -100.00
  29    30.079 54945.69809777 53.22  90.348407  26.119615 21.044 -100.00 -100.00 -100.00
  29    30.267 54945.69809836 54.06  90.349562  26.122052  5.765 -100.00 -100.00 -100.00
  30    30.242 54955.61372975 43.40  90.351835  26.115892 26.933 -100.00 -100.00 -100.00
  30    30.307 54955.61373034 46.30  90.352990  26.118329   -100 -100.00 -100.00 -100.00
  30    30.406 54955.61373093 46.32  90.354145  26.120766   -100 -100.00 -100.00 -100.00
  31    30.689 54965.52937735 37.73  90.350847  26.117048 22.642 -100.00 -100.00 -100.00
  31    33.245 54965.52937794 34.67  90.352002  26.119485 16.792 -100.00 -100.00 -100.00
  32    34.358 54975.44502469 33.54  90.347284  26.115513 15.177 -100.00 -100.00 -100.00
  32    29.933 54975.44502528 36.01  90.348439  26.117950 26.022 -100.00 -100.00 -100.00
  32    30.047 54975.44502587 39.13  90.349594  26.120387   -100 -100.00 -100.00 -100.00
  33    31.357 54985.36067285 41.77  90.345771  26.117353 27.051 -100.00 -100.00 -100.00
  33    31.274 54985.36067344 41.70  90.346926  26.119790 27.684 -100.00 -100.00 -100.00
  33    31.350 54985.36067403 45.93  90.348081  26.122227   -100 -100.00 -100.00 -100.00
  35    34.707 55005.19196668 33.76  90.343493  26.115661  9.842 -100.00 -100.00 -100.00
  35    31.355 55005.19196727 35.18  90.344647  26.118098 13.152 -100.00 -100.00 -100.00
  35    31.637 55005.19196786 38.83  90.345802  26.120535 22.034 -100.00 -100.00 -100.00
  35    31.607 55005.19196846 42.72  90.346957  26.122972   -100 -100.00 -100.00 -100.00
  36    34.449 55015.10761087 35.27  90.342626  26.116416 10.788 -100.00 -100.00 -100.00
  36    34.127 55015.10761147 35.12  90.343780  26.118853 12.017 -100.00 -100.00 -100.00
  36    33.772 55015.10761206 35.01  90.344935  26.121289 11.400 -100.00 -100.00 -100.00
  36    33.363 55015.10761265 36.30  90.346090  26.123726 15.554 -100.00 -100.00 -100.00
  37    33.603 55025.02325330 50.44  90.341174  26.116340   -100 -100.00 -100.00 -100.00
  37    33.692 55025.02325389 50.16  90.342329  26.118777   -100 -100.00 -100.00 -100.00
  37    33.693 55025.02325448 47.00  90.343483  26.121214 32.402 -100.00 -100.00 -100.00
  37    33.817 55025.02325507 48.77  90.344638  26.123651   -100 -100.00 -100.00 -100.00
  38    32.578 55034.93889465 50.33  90.339322  26.114632   -100 -100.00 -100.00 -100.00
  38    32.630 55034.93889524 50.69  90.340477  26.117069   -100 -100.00 -100.00 -100.00
  38    32.630 55034.93889583 48.04  90.341631  26.119506   -100 -100.00 -100.00 -100.00
  38    32.603 55034.93889642 45.25  90.342786  26.121942   -100 -100.00 -100.00 -100.00
  38    32.679 55034.93889701 46.02  90.343941  26.124379   -100 -100.00 -100.00 -100.00
  39    33.695 55044.85453606 49.72  90.341234  26.115626   -100 -100.00 -100.00 -100.00
  39    33.735 55044.85453666 51.04  90.342389  26.118063   -100 -100.00 -100.00 -100.00
  39    33.820 55044.85453725 48.72  90.343543  26.120500   -100 -100.00 -100.00 -100.00
  39    33.874 55044.85453784 54.24  90.344698  26.122936   -100 -100.00 -100.00 -100.00
  40    33.320 55054.77017612 53.12  90.346227  26.117218  3.311 -100.00 -100.00 -100.00
  40    33.631 55054.77017671 51.96  90.347382  26.119654   -100 -100.00 -100.00 -100.00
  40    33.553 55054.77017730 54.04  90.348536  26.122091  6.822 -100.00 -100.00 -100.00
  41    34.334 55064.68581351 52.86  90.350349  26.116860   -100 -100.00 -100.00 -100.00
  41    34.385 55064.68581410 49.03  90.351503  26.119297   -100 -100.00 -100.00 -100.00
  42    34.241 55074.60145997 43.50  90.348237  26.115458 26.548 -100.00 -100.00 -100.00
  42    33.530 55074.60146056 44.00  90.349391  26.117895   -100 -100.00 -100.00 -100.00
  42    33.658 55074.60146115 49.57  90.350546  26.120331   -100 -100.00 -100.00 -100.00
  43    34.658 55084.51710807 30.70  90.345255  26.117432 13.210 -100.00 -100.00 -100.00
  43    34.219 55084.51710866 30.80  90.346410  26.119869 15.695 -100.00 -100.00 -100.00
  43    31.873 55084.51710925 32.49  90.347564  26.122305 20.571 -100.00 -100.00 -100.00
  44    34.808 55094.43275396 27.62  90.340881  26.115497  8.911 -100.00 -100.00 -100.00
  44    34.852 55094.43275455 25.40  90.342036  26.117934  6.809 -100.00 -100.00 -100.00
  44    34.365 55094.43275514 26.90  90.343191  26.120370 10.026 -100.00 -100.00 -100.00
  44    33.030 55094.43275573 28.55  90.344346  26.122807 14.128 -100.00 -100.00 -100.00
  45    32.045 55104.34840060 51.60  90.339807  26.115921   -100 -100.00 -100.00 -100.00
  45    32.073 55104.34840119 52.18  90.340962  26.118357   -100 -100.00 -100.00 -100.00
  45    32.085 55104.34840178 49.60  90.342117  26.120794   -100 -100.00 -100.00 -100.00
  45    32.137 55104.34840237 51.08  90.343271  26.123231   -100 -100.00 -100.00 -100.00
  46    31.403 55114.26404705 52.69  90.340000  26.115784 17.148 -100.00 -100.00 -100.00
  46    31.539 55114.26404764 52.63  90.341155  26.118221   -100 -100.00 -100.00 -100.00
  46    31.776 55114.26404823 52.95  90.342310  26.120657   -100 -100.00 -100.00 -100.00
  46    31.709 55114.26404882 53.34  90.343465  26.123094 11.662 -100.00 -100.00 -100.00
  47    30.827 55124.17969138 44.90  90.341833  26.116539   -100 -100.00 -100.00 -100.00
  47    31.174 55124.17969197 46.93  90.342987  26.118976   -100 -100.00 -100.00 -100.00
  47    31.164 55124.17969256 47.83  90.344142  26.121413   -100 -100.00 -100.00 -100.00
  47    31.224 55124.17969315 50.03  90.345297  26.123849   -100 -100.00 -100.00 -100.00
  48    30.093 55134.09533237 39.92  90.342739  26.115493   -100 -100.00 -100.00 -100.00
  48    30.125 55134.09533296 38.64  90.343894  26.117930 29.125 -100.00 -100.00 -100.00
  48    30.202 55134.09533355 36.89  90.345048  26.120367 23.328 -100.00 -100.00 -100.00
  48    30.166 55134.09533414 43.80  90.346203  26.122804   -100 -100.00 -100.00 -100.00
  49    29.300 55144.01097161 48.19  90.344227  26.117190   -100 -100.00 -100.00 -100.00
  49    29.521 55144.01097220 47.59  90.345382  26.119627   -100 -100.00 -100.00 -100.00
  49    29.317 55144.01097279 52.38  90.346537  26.122064 25.632 -100.00 -100.00 -100.00
  50    29.159 55153.92660907 46.07  90.343483  26.115450   -100 -100.00 -100.00 -100.00
  50    29.225 55153.92660966 47.95  90.344638  26.117886   -100 -100.00 -100.00 -100.00
  50    29.007 55153.92661025 51.10  90.345793  26.120323 22.190 -100.00 -100.00 -100.00
  50    29.298 55153.92661084 51.92  90.346947  26.122760   -100 -100.00 -100.00 -100.00
  51    29.126 55163.84224761 48.04  90.345116  26.116817   -100 -100.00 -100.00 -100.00
  51    29.171 55163.84224820 48.36  90.346271  26.119254  3.047 -100.00 -100.00 -100.00
  51    29.389 55163.84224879 45.43  90.347426  26.121691   -100 -100.00 -100.00 -100.00
  52    28.860 55173.75788588 46.06  90.347817  26.117731   -100 -100.00 -100.00 -100.00
  52    28.752 55173.75788647 45.68  90.348972  26.120168   -100 -100.00 -100.00 -100.00
  53    29.130 55183.67352414 45.97  90.350577  26.117579 29.812 -100.00 -100.00 -100.00
  53    28.794 55183.67352473 52.37  90.351732  26.120016   -100 -100.00 -100.00 -100.00
  54    28.444 55193.58917498 41.44  90.347172  26.117604   -100 -100.00 -100.00 -100.00
  54    28.585 55193.58917557 42.97  90.348327  26.120041   -100 -100.00 -100.00 -100.00
  55    28.259 55203.50482409 34.98  90.341445  26.115463 15.391 -100.00 -100.00 -100.00
  55    28.189 55203.50482468 40.78  90.342599  26.117900   -100 -100.00 -100.00 -100.00
  55    28.169 55203.50482527 39.72  90.343754  26.120337   -100 -100.00 -100.00 -100.00
  55    28.193 55203.50482586 42.98  90.344909  26.122774   -100 -100.00 -100.00 -100.00
  56    28.099 55213.42047319 31.84  90.337593  26.114777 23.167 -100.00 -100.00 -100.00
  56    28.096 55213.42047378 32.26  90.338747  26.117214 20.829 -100.00 -100.00 -100.00
  56    27.978 55213.42047437 29.90  90.339902  26.119651 20.787 -100.00 -100.00 -100.00
  56    28.776 55213.42047496 26.95  90.341057  26.122088 12.372 -100.00 -100.00 -100.00
  56    28.124 55213.42047555 29.34  90.342212  26.124525 19.190 -100.00 -100.00 -100.00
  57    27.840 55223.33612266 54.55  90.337267  26.116363   -100 -100.00 -100.00 -100.00
  57    27.858 55223.33612325 52.80  90.338422  26.118800   -100 -100.00 -100.00 -100.00
  57    27.890 55223.33612384 45.27  90.339576  26.121237   -100 -100.00 -100.00 -100.00
  57    27.912 55223.33612443 43.40  90.340731  26.123675   -100 -100.00 -100.00 -100.00
  58    27.553 55233.25177016 31.86  90.337551  26.115169 17.574 -100.00 -100.00 -100.00
  58    27.839 55233.25177075 34.61  90.338705  26.117606 27.693 -100.00 -100.00 -100.00
  58    27.676 55233.25177134 37.88  90.339860  26.120044   -100 -100.00 -100.00 -100.00
  58    27.683 55233.25177193 35.75  90.341015  26.122481 31.012 -100.00 -100.00 -100.00
  58    27.652 55233.25177252 40.01  90.342170  26.124918   -100 -100.00 -100.00 -100.00
  59    27.650 55243.16741477 43.81  90.339796  26.115146   -100 -100.00 -100.00 -100.00
  59    27.733 55243.16741536 47.03  90.340951  26.117584   -100 -100.00 -100.00 -100.00
  59    27.778 55243.16741595 47.43  90.342106  26.120021   -100 -100.00 -100.00 -100.00
  59    27.533 55243.16741654 41.55  90.343261  26.122458   -100 -100.00 -100.00 -100.00
  59    27.759 55243.16741713 39.73  90.344416  26.124895   -100 -100.00 -100.00 -100.00
  60    27.719 55253.08305552 35.31  90.339490  26.113930 27.981 -100.00 -100.00 -100.00
  60    27.593 55253.08305612 41.03  90.340645  26.116368   -100 -100.00 -100.00 -100.00
  60    27.746 55253.08305671 39.55  90.341800  26.118805   -100 -100.00 -100.00 -100.00
  60    27.474 55253.08305730 40.43  90.342955  26.121242   -100 -100.00 -100.00 -100.00
  60    27.635 55253.08305789 37.56  90.344110  26.123679   -100 -100.00 -100.00 -100.00
  61    27.966 55262.99869428 53.42  90.338589  26.115058  4.945 -100.00 -100.00 -100.00
  61    27.979 55262.99869487 57.04  90.339744  26.117495  2.462 -100.00 -100.00 -100.00
  61    27.861 55262.99869546 56.45  90.340899  26.119932   -100 -100.00 -100.00 -100.00
  61    27.826 55262.99869605 54.24  90.342054  26.122369 31.323 -100.00 -100.00 -100.00
  62    28.419 55272.91433140 53.32  90.337641  26.114010 21.847 -100.00 -100.00 -100.00
  62    28.438 55272.91433199 55.31  90.338795  26.116447 17.581 -100.00 -100.00 -100.00
  62    28.432 55272.91433258 54.93  90.339950  26.118884 26.762 -100.00 -100.00 -100.00
  62    28.454 55272.91433317 53.63  90.341105  26.121321 23.655 -100.00 -100.00 -100.00
  62    28.473 55272.91433376 51.82  90.342260  26.123758 25.166 -100.00 -100.00 -100.00
  63    34.328 55282.82996905 30.60  90.340734  26.115610 14.369 -100.00 -100.00 -100.00
  63    28.539 55282.82996964 37.72  90.341889  26.118047   -100 -100.00 -100.00 -100.00
  63    28.394 55282.82997023 33.09  90.343044  26.120484 23.387 -100.00 -100.00 -100.00
  63    28.390 55282.82997082 39.10  90.344199  26.122921   -100 -100.00 -100.00 -100.00
  64    30.549 55292.74560553 50.96  90.345886  26.116760  1.342 -100.00 -100.00 -100.00
  64    30.661 55292.74560612 49.44  90.347041  26.119197   -100 -100.00 -100.00 -100.00
  64    30.784 55292.74560671 48.37  90.348196  26.121634   -100 -100.00 -100.00 -100.00
  65    30.921 55302.66124146 48.04  90.350798  26.117603   -100 -100.00 -100.00 -100.00
  65    31.028 55302.66124205 52.10  90.351953  26.120040   -100 -100.00 -100.00 -100.00
  66    35.011 55312.57688817 39.36  90.348415  26.115432 29.782 -100.00 -100.00 -100.00
  66    35.004 55312.57688876 33.19  90.349570  26.117869 14.491 -100.00 -100.00 -100.00
  66    34.398 55312.57688935 32.80  90.350725  26.120306 16.144 -100.00 -100.00 -100.00
  67    35.245 55322.49253340 34.73  90.346314  26.115921  8.419 -100.00 -100.00 -100.00
  67    34.538 55322.49253399 35.86  90.347469  26.118358 12.380 -100.00 -100.00 -100.00
  67    32.840 55322.49253458 37.26  90.348624  26.120795 14.971 -100.00 -100.00 -100.00
  68    35.097 55332.40817786 32.14  90.344698  26.117475 17.270 -100.00 -100.00 -100.00
  68    34.689 55332.40817846 30.88  90.345853  26.119912 13.370 -100.00 -100.00 -100.00
  68    34.429 55332.40817905 28.45  90.347007  26.122349 10.235 -100.00 -100.00 -100.00
  69    33.478 55342.32382170 42.50  90.342646  26.115978   -100 -100.00 -100.00 -100.00
  69    33.458 55342.32382229 38.56  90.343800  26.118414 23.953 -100.00 -100.00 -100.00
  69    33.274 55342.32382288 38.22  90.344955  26.120851 25.366 -100.00 -100.00 -100.00
  69    33.260 55342.32382347 36.33  90.346110  26.123288 18.387 -100.00 -100.00 -100.00
  70    32.599 55352.23946561 52.35  90.342701  26.115066  2.146 -100.00 -100.00 -100.00
  70    32.830 55352.23946620 47.75  90.343855  26.117503   -100 -100.00 -100.00 -100.00
  70    32.662 55352.23946679 51.02  90.345010  26.119939  5.796 -100.00 -100.00 -100.00
  70    32.745 55352.23946738 50.96  90.346165  26.122376   -100 -100.00 -100.00 -100.00
  71    33.388 55362.15510806 50.38  90.344899  26.117185   -100 -100.00 -100.00 -100.00
  71    33.363 55362.15510865 54.76  90.346054  26.119622 16.173 -100.00 -100.00 -100.00
  71    33.441 55362.15510924 54.31  90.347208  26.122059  3.878 -100.00 -100.00 -100.00
  72    33.595 55372.07074780 51.33  90.345333  26.117291   -100 -100.00 -100.00 -100.00
  72    33.686 55372.07074839 53.27  90.346488  26.119728   -100 -100.00 -100.00 -100.00
  72    34.018 55372.07074898 54.18  90.347643  26.122165   -100 -100.00 -100.00 -100.00
  73    34.305 55381.98638585 46.88  90.345340  26.117124 31.056 -100.00 -100.00 -100.00
  73    34.333 55381.98638644 46.70  90.346495  26.119561 30.103 -100.00 -100.00 -100.00
  73    34.360 55381.98638703 50.11  90.347649  26.121997   -100 -100.00 -100.00 -100.00
  74    34.428 55391.90202272 49.55  90.345184  26.115436   -100 -100.00 -100.00 -100.00
  74    34.406 55391.90202331 48.35  90.346338  26.117873   -100 -100.00 -100.00 -100.00
  74    34.529 55391.90202390 47.53  90.347493  26.120309   -100 -100.00 -100.00 -100.00
  75    34.527 55401.81765901 44.66  90.348761  26.116421 22.331 -100.00 -100.00 -100.00
  75    34.168 55401.81765960 46.59  90.349915  26.118858   -100 -100.00 -100.00 -100.00
  75    34.173 55401.81766019 46.27  90.351070  26.121295   -100 -100.00 -100.00 -100.00
  76    33.530 55411.73330875 52.53  90.348614  26.115483   -100 -100.00 -100.00 -100.00
  76    33.527 55411.73330934 52.12  90.349768  26.117920   -100 -100.00 -100.00 -100.00
  76    33.440 55411.73330993 53.09  90.350923  26.120356  5.026 -100.00 -100.00 -100.00
  77    32.833 55421.64895828 46.87  90.348696  26.116438   -100 -100.00 -100.00 -100.00
  77    32.683 55421.64895887 46.62  90.349851  26.118874   -100 -100.00 -100.00 -100.00
  77    32.898 55421.64895946 49.44  90.351005  26.121311   -100 -100.00 -100.00 -100.00
  78    33.541 55431.56460465 47.31  90.346778  26.115801   -100 -100.00 -100.00 -100.00
  78    33.543 55431.56460524 45.72  90.347932  26.118238 32.386 -100.00 -100.00 -100.00
  78    33.871 55431.56460583 46.83  90.349087  26.120674 30.797 -100.00 -100.00 -100.00
  79    33.898 55441.48024921 42.20  90.343475  26.116242 22.503 -100.00 -100.00 -100.00
  79    33.889 55441.48024980 43.31  90.344630  26.118679 25.179 -100.00 -100.00 -100.00
  79    34.175 55441.48025039 46.05  90.345784  26.121115 32.596 -100.00 -100.00 -100.00
  79    34.263 55441.48025098 45.45  90.346939  26.123552 30.189 -100.00 -100.00 -100.00
  80    34.377 55451.39589213 43.99  90.340325  26.114861 25.038 -100.00 -100.00 -100.00
  80    34.363 55451.39589272 46.29  90.341480  26.117298   -100 -100.00 -100.00 -100.00
  80    34.423 55451.39589331 50.20  90.342634  26.119734   -100 -100.00 -100.00 -100.00
  80    34.662 55451.39589390 50.21  90.343789  26.122171   -100 -100.00 -100.00 -100.00
  80    34.601 55451.39589449 51.32  90.344944  26.124607   -100 -100.00 -100.00 -100.00
  81    33.957 55461.31153497 50.30  90.340453  26.114661   -100 -100.00 -100.00 -100.00
  81    33.999 55461.31153556 49.88  90.341607  26.117098   -100 -100.00 -100.00 -100.00
  81    34.083 55461.31153615 54.21  90.342762  26.119534   -100 -100.00 -100.00 -100.00
  81    34.135 55461.31153674 52.21  90.343917  26.121971   -100 -100.00 -100.00 -100.00
  81    34.156 55461.31153733 51.25  90.345071  26.124408   -100 -100.00 -100.00 -100.00
  82    33.226 55471.22717687 49.58  90.343444  26.115191  8.163 -100.00 -100.00 -100.00
  82    33.232 55471.22717746 45.43  90.344599  26.117628   -100 -100.00 -100.00 -100.00
  82    33.229 55471.22717805 43.32  90.345753  26.120064   -100 -100.00 -100.00 -100.00
  82    33.413 55471.22717864 40.30  90.346908  26.122501 24.532 -100.00 -100.00 -100.00
  83    34.729 55481.14281621 31.39  90.347639  26.117249 15.629 -100.00 -100.00 -100.00
  83    33.843 55481.14281680 31.68  90.348794  26.119686 18.566 -100.00 -100.00 -100.00
  83    31.948 55481.14281739 36.98  90.349949  26.122122   -100 -100.00 -100.00 -100.00
  84    31.100 55491.05845215 41.06  90.349354  26.116196   -100 -100.00 -100.00 -100.00
  84    31.303 55491.05845274 38.42  90.350509  26.118633 25.528 -100.00 -100.00 -100.00
  84    31.110 55491.05845333 36.22  90.351664  26.121070 21.894 -100.00 -100.00 -100.00
  85    30.974 55500.97408624 46.34  90.350961  26.117029 28.041 -100.00 -100.00 -100.00
  85    30.931 55500.97408683 50.45  90.352116  26.119466   -100 -100.00 -100.00 -100.00
  86    29.941 55510.88972896 48.36  90.348858  26.117014   -100 -100.00 -100.00 -100.00
  86    30.023 55510.88972955 50.41  90.350013  26.119451   -100 -100.00 -100.00 -100.00
  86    29.696 55510.88973014 51.74  90.351167  26.121888 18.064 -100.00 -100.00 -100.00
  87    29.282 55520.80537793 41.07  90.345315  26.116000   -100 -100.00 -100.00 -100.00
  87    29.281 55520.80537852 38.38  90.346469  26.118437   -100 -100.00 -100.00 -100.00
  87    29.405 55520.80537911 34.34  90.347624  26.120874   -100 -100.00 -100.00 -100.00
  88    29.142 55530.72102626 47.08  90.344053  26.116374   -100 -100.00 -100.00 -100.00
  88    29.174 55530.72102685 52.36  90.345208  26.118811  0.992 -100.00 -100.00 -100.00
  88    29.238 55530.72102744 52.17  90.346362  26.121248   -100 -100.00 -100.00 -100.00
  89    28.962 55540.63667303 46.39  90.343455  26.116256   -100 -100.00 -100.00 -100.00
  89    28.868 55540.63667362 48.21  90.344609  26.118693   -100 -100.00 -100.00 -100.00
  89    28.835 55540.63667421 50.24  90.345764  26.121130   -100 -100.00 -100.00 -100.00
  89    28.989 55540.63667480 46.22  90.346919  26.123567   -100 -100.00 -100.00 -100.00
  90    28.831 55550.55231769 45.33  90.342469  26.115767 28.907 -100.00 -100.00 -100.00
  90    28.739 55550.55231828 48.13  90.343624  26.118204   -100 -100.00 -100.00 -100.00
  90    28.564 55550.55231887 46.72  90.344778  26.120641   -100 -100.00 -100.00 -100.00
  90    28.688 55550.55231946 42.64  90.345933  26.123077   -100 -100.00 -100.00 -100.00
  91    28.334 55560.46796089 43.37  90.340406  26.115381   -100 -100.00 -100.00 -100.00
  91    28.328 55560.46796148 43.15  90.341560  26.117818   -100 -100.00 -100.00 -100.00
  91    28.290 55560.46796207 43.98  90.342715  26.120255   -100 -100.00 -100.00 -100.00
  91    28.508 55560.46796266 45.65  90.343870  26.122692   -100 -100.00 -100.00 -100.00
  91    28.569 55560.46796325 42.61  90.345025  26.125129   -100 -100.00 -100.00 -100.00
  92    28.364 55570.38360331 45.01  90.339011  26.114210   -100 -100.00 -100.00 -100.00
  92    28.022 55570.38360390 47.52  90.340166  26.116647  1.242 -100.00 -100.00 -100.00
  92    28.096 55570.38360449 48.48  90.341320  26.119084  3.192 -100.00 -100.00 -100.00
  92    28.220 55570.38360508 43.03  90.342475  26.121522   -100 -100.00 -100.00 -100.00
  92    28.279 55570.38360568 48.17  90.343630  26.123959  5.159 -100.00 -100.00 -100.00
  93    28.076 55580.29924569 43.92  90.341074  26.116108   -100 -100.00 -100.00 -100.00
  93    28.007 55580.29924628 45.34  90.342229  26.118545   -100 -100.00 -100.00 -100.00
  93    27.787 55580.29924687 45.84  90.343383  26.120982  0.368 -100.00 -100.00 -100.00
  93    28.252 55580.29924746 44.92  90.344538  26.123419   -100 -100.00 -100.00 -100.00
  94    27.570 55590.21488491 41.10  90.344293  26.115981   -100 -100.00 -100.00 -100.00
  94    27.691 55590.21488550 43.27  90.345447  26.118418   -100 -100.00 -100.00 -100.00
  94    27.714 55590.21488609 43.27  90.346602  26.120855   -100 -100.00 -100.00 -100.00
  95    27.887 55600.13052120 45.98  90.349029  26.116738   -100 -100.00 -100.00 -100.00
  95    27.891 55600.13052179 49.25  90.350184  26.119175   -100 -100.00 -100.00 -100.00
  95    27.830 55600.13052238 51.43  90.351339  26.121612 11.350 -100.00 -100.00 -100.00
  96    27.841 55610.04615439 46.56  90.351435  26.115636 11.424 -100.00 -100.00 -100.00
  96    27.938 55610.04615498 45.48  90.352590  26.118073  2.049 -100.00 -100.00 -100.00
  96    27.904 55610.04615557 42.94  90.353745  26.120510   -100 -100.00 -100.00 -100.00
  98    27.778 55629.87743623 48.54  90.348750  26.116858 14.185 -100.00 -100.00 -100.00
  98    27.718 55629.87743682 50.62  90.349905  26.119296 18.278 -100.00 -100.00 -100.00
  98    27.916 55629.87743741 52.49  90.351060  26.121733 16.305 -100.00 -100.00 -100.00
  99    34.649 55639.79308648 37.69  90.346531  26.116640 28.964 -100.00 -100.00 -100.00
  99    34.364 55639.79308707 33.49  90.347686  26.119077 17.084 -100.00 -100.00 -100.00
  99    33.879 55639.79308766 32.85  90.348841  26.121514 16.750 -100.00 -100.00 -100.00
 100    29.936 55649.70873443 46.25  90.346560  26.115948   -100 -100.00 -100.00 -100.00
 100    30.120 55649.70873502 48.01  90.347715  26.118385   -100 -100.00 -100.00 -100.00
 100    29.987 55649.70873561 50.65  90.348870  26.120822 10.982 -100.00 -100.00 -100.00
 101    34.467 55659.62437961 26.65  90.347776  26.117107 13.880 -100.00 -100.00 -100.00
 101    34.092 55659.62438020 24.07  90.348931  26.119544 10.622 -100.00 -100.00 -100.00
 101    33.425 55659.62438079 25.63  90.350086  26.121981 13.145 -100.00 -100.00 -100.00
 102    29.352 55669.54002058 44.01  90.346592  26.115572   -100 -100.00 -100.00 -100.00
 102    29.514 55669.54002117 45.20  90.347747  26.118009   -100 -100.00 -100.00 -100.00
 102    29.649 55669.54002176 48.17  90.348902  26.120446   -100 -100.00 -100.00 -100.00
 103    30.577 55679.45566023 41.81  90.346111  26.116498 29.691 -100.00 -100.00 -100.00
 103    30.848 55679.45566082 45.30  90.347266  26.118935   -100 -100.00 -100.00 -100.00
 103    30.907 55679.45566141 46.44  90.348421  26.121372   -100 -100.00 -100.00 -100.00
 104    31.030 55689.37129792 45.94  90.346279  26.116173   -100 -100.00 -100.00 -100.00
 104    30.982 55689.37129851 50.61  90.347434  26.118610   -100 -100.00 -100.00 -100.00
 104    30.886 55689.37129910 52.41  90.348588  26.121047   -100 -100.00 -100.00 -100.00
 105    30.553 55699.28693420 52.45  90.347749  26.115562   -100 -100.00 -100.00 -100.00
 105    30.437 55699.28693479 50.06  90.348904  26.117999   -100 -100.00 -100.00 -100.00
 105    30.620 55699.28693538 50.88  90.350058  26.120436   -100 -100.00 -100.00 -100.00
 106    34.957 55709.20257302 30.87  90.350884  26.117658 15.880 -100.00 -100.00 -100.00
 106    34.758 55709.20257361 26.73  90.352039  26.120095  7.779 -100.00 -100.00 -100.00
 107    35.060 55719.11822289 40.44  90.347555  26.115377 32.000 -100.00 -100.00 -100.00
 107    35.149 55719.11822348 36.19  90.348710  26.117814 22.734 -100.00 -100.00 -100.00
 107    34.701 55719.11822407 32.89  90.349865  26.120251 13.095 -100.00 -100.00 -100.00
 108    34.907 55729.03387074 34.52  90.344964  26.115434 23.329 -100.00 -100.00 -100.00
 108    35.197 55729.03387133 30.57  90.346119  26.117871 13.077 -100.00 -100.00 -100.00
 108    34.733 55729.03387192 29.43  90.347273  26.120308 10.272 -100.00 -100.00 -100.00
 109    32.566 55738.94951735 51.70  90.343751  26.116695  4.531 -100.00 -100.00 -100.00
 109    32.625 55738.94951794 48.27  90.344906  26.119132   -100 -100.00 -100.00 -100.00
 109    32.648 55738.94951853 48.79  90.346061  26.121568   -100 -100.00 -100.00 -100.00
 110    34.583 55748.86516201 33.05  90.342066  26.115131 16.787 -100.00 -100.00 -100.00
 110    34.920 55748.86516260 28.83  90.343221  26.117568  8.777 -100.00 -100.00 -100.00
 110    34.346 55748.86516319 29.60  90.344376  26.120004 11.232 -100.00 -100.00 -100.00
 110    33.922 55748.86516378 29.87  90.345530  26.122441 11.930 -100.00 -100.00 -100.00
 111    33.985 55758.78080491 45.38  90.343035  26.115456   -100 -100.00 -100.00 -100.00
 111    33.807 55758.78080550 46.54  90.344189  26.117893   -100 -100.00 -100.00 -100.00
 111    33.898 55758.78080609 46.31  90.345344  26.120330   -100 -100.00 -100.00 -100.00
 111    34.123 55758.78080668 43.88  90.346499  26.122767 28.221 -100.00 -100.00 -100.00
 112    34.145 55768.69644536 53.57  90.345759  26.116350   -100 -100.00 -100.00 -100.00
 112    34.172 55768.69644595 54.07  90.346914  26.118786  8.450 -100.00 -100.00 -100.00
 112    34.192 55768.69644654 55.70  90.348068  26.121223 20.149 -100.00 -100.00 -100.00
 113    33.776 55778.61208279 51.69  90.348991  26.117327  4.508 -100.00 -100.00 -100.00
 113    33.765 55778.61208339 55.21  90.350146  26.119764 19.539 -100.00 -100.00 -100.00
 114    34.721 55788.52771778 37.70  90.351630  26.117905 21.291 -100.00 -100.00 -100.00
 114    33.472 55788.52771837 37.00  90.352785  26.120341 19.678 -100.00 -100.00 -100.00
 115    33.708 55798.44335118 45.20  90.352635  26.116531   -100 -100.00 -100.00 -100.00
 115    33.866 55798.44335177 40.95  90.353789  26.118968   -100 -100.00 -100.00 -100.00
 116    31.983 55808.35899645 45.37  90.350942  26.117078   -100 -100.00 -100.00 -100.00
 116    32.084 55808.35899704 47.49  90.352096  26.119515   -100 -100.00 -100.00 -100.00
 117    31.953 55818.27464547 41.38  90.348776  26.116176 24.463 -100.00 -100.00 -100.00
 117    32.088 55818.27464606 44.12  90.349930  26.118612   -100 -100.00 -100.00 -100.00
 117    32.240 55818.27464665 44.70  90.351085  26.121049   -100 -100.00 -100.00 -100.00
 118    34.635 55828.19029115 35.46  90.350016  26.117127 23.704 -100.00 -100.00 -100.00
 118    33.508 55828.19029174 33.06  90.351170  26.119564 21.796 -100.00 -100.00 -100.00
 119    34.517 55838.10593201 35.95  90.351025  26.116396 28.527 -100.00 -100.00 -100.00
 119    32.526 55838.10593260 33.60  90.352180  26.118833 22.864 -100.00 -100.00 -100.00
 120    30.656 55848.02156965 41.92  90.351423  26.116063   -100 -100.00 -100.00 -100.00
 120    31.039 55848.02157024 44.24  90.352578  26.118500 32.200 -100.00 -100.00 -100.00
 120    30.801 55848.02157083 45.36  90.353733  26.120937   -100 -100.00 -100.00 -100.00
 121    30.501 55857.93720502 45.03  90.352070  26.116474   -100 -100.00 -100.00 -100.00
 121    30.384 55857.93720561 46.15  90.353225  26.118910   -100 -100.00 -100.00 -100.00
 122    29.962 55867.85285092 47.54  90.349852  26.117118   -100 -100.00 -100.00 -100.00
 122    29.906 55867.85285151 48.26  90.351007  26.119555   -100 -100.00 -100.00 -100.00
 123    29.331 55877.76850224 37.59  90.347023  26.116811 26.899 -100.00 -100.00 -100.00
 123    29.357 55877.76850283 39.09  90.348177  26.119248 32.532 -100.00 -100.00 -100.00
 123    29.383 55877.76850342 39.25  90.349332  26.121685   -100 -100.00 -100.00 -100.00
 124    28.924 55887.68414723 46.42  90.346334  26.116012   -100 -100.00 -100.00 -100.00
 124    29.006 55887.68414782 48.51  90.347489  26.118449   -100 -100.00 -100.00 -100.00
 124    29.189 55887.68414841 50.49  90.348643  26.120886   -100 -100.00 -100.00 -100.00
 125    28.549 55897.59978699 45.47  90.347422  26.116146   -100 -100.00 -100.00 -100.00
 125    28.709 55897.59978758 47.48  90.348576  26.118583   -100 -100.00 -100.00 -100.00
 125    28.722 55897.59978817 48.48  90.349731  26.121020   -100 -100.00 -100.00 -100.00
 126    28.445 55907.51542191 42.51  90.349632  26.115962   -100 -100.00 -100.00 -100.00
 126    28.520 55907.51542250 46.44  90.350786  26.118399   -100 -100.00 -100.00 -100.00
 126    28.689 55907.51542309 46.36  90.351941  26.120836   -100 -100.00 -100.00 -100.00
 127    34.269 55917.43106882 33.09  90.347279  26.115991   -100 -100.00 -100.00 -100.00
 127    28.273 55917.43106941 35.28  90.348434  26.118428   -100 -100.00 -100.00 -100.00
 127    28.216 55917.43107000 36.39  90.349589  26.120865   -100 -100.00 -100.00 -100.00
 128    28.034 55927.34672220 39.47  90.343907  26.115905   -100 -100.00 -100.00 -100.00
 128    28.020 55927.34672279 37.96  90.345062  26.118342   -100 -100.00 -100.00 -100.00
 128    28.162 55927.34672338 37.77  90.346217  26.120779   -100 -100.00 -100.00 -100.00
 128    28.079 55927.34672397 39.42  90.347371  26.123216   -100 -100.00 -100.00 -100.00
 129    27.872 55937.26237275 45.69  90.343538  26.117244   -100 -100.00 -100.00 -100.00
 129    27.928 55937.26237334 41.27  90.344692  26.119681 31.951 -100.00 -100.00 -100.00
 129    28.035 55937.26237393 39.74  90.345847  26.122118 31.672 -100.00 -100.00 -100.00
 130    27.624 55947.17801799 33.12  90.343647  26.116884   -100 -100.00 -100.00 -100.00
 130    27.700 55947.17801859 31.42  90.344802  26.119321 30.235 -100.00 -100.00 -100.00
 130    27.827 55947.17801918 34.38  90.345957  26.121758   -100 -100.00 -100.00 -100.00
 131    27.821 55957.09365842 44.12  90.343897  26.115759   -100 -100.00 -100.00 -100.00
 131    27.786 55957.09365901 42.59  90.345052  26.118197   -100 -100.00 -100.00 -100.00
 131    27.988 55957.09365960 46.32  90.346207  26.120634   -100 -100.00 -100.00 -100.00
 131    28.198 55957.09366019 47.59  90.347362  26.123071   -100 -100.00 -100.00 -100.00
 132    27.456 55967.00929633 38.59  90.344618  26.115737   -100 -100.00 -100.00 -100.00
 132    27.747 55967.00929692 33.90  90.345774  26.118174 25.821 -100.00 -100.00 -100.00
 132    27.646 55967.00929751 36.24  90.346929  26.120611   -100 -100.00 -100.00 -100.00
 133    27.785 55976.92493344 46.41  90.346268  26.117335   -100 -100.00 -100.00 -100.00
 133    27.668 55976.92493403 48.72  90.347423  26.119772 14.185 -100.00 -100.00 -100.00
 133    27.846 55976.92493462 44.61  90.348578  26.122209   -100 -100.00 -100.00 -100.00
 134    28.001 55986.84056952 47.63  90.348746  26.117490   -100 -100.00 -100.00 -100.00
 134    27.941 55986.84057011 48.81  90.349901  26.119927   -100 -100.00 -100.00 -100.00
 135    28.149 55996.75620719 45.43  90.351981  26.117658   -100 -100.00 -100.00 -100.00
 135    28.388 55996.75620778 47.81  90.353136  26.120095   -100 -100.00 -100.00 -100.00
 136    28.383 56006.67185767 45.75  90.349490  26.115568   -100 -100.00 -100.00 -100.00
 136    28.795 56006.67185826 46.53  90.350645  26.118005 28.730 -100.00 -100.00 -100.00
 136    28.319 56006.67185885 48.60  90.351800  26.120442   -100 -100.00 -100.00 -100.00
 137    29.264 56016.58750487 44.53  90.348200  26.116493 19.736 -100.00 -100.00 -100.00
 137    28.531 56016.58750546 47.48  90.349355  26.118930   -100 -100.00 -100.00 -100.00
 137    28.285 56016.58750605 48.73  90.350510  26.121367 15.784 -100.00 -100.00 -100.00
 138    34.262 56026.50314885 25.42  90.345063  26.115777 10.309 -100.00 -100.00 -100.00
 138    29.083 56026.50314944 29.47  90.346218  26.118214 20.514 -100.00 -100.00 -100.00
 138    29.065 56026.50315003 34.03  90.347373  26.120651   -100 -100.00 -100.00 -100.00
 139    29.617 56036.41879180 32.48  90.343286  26.116507 22.999 -100.00 -100.00 -100.00
 139    29.298 56036.41879239 33.70  90.344441  26.118944 30.819 -100.00 -100.00 -100.00
 139    29.397 56036.41879298 30.97  90.345596  26.121381 20.501 -100.00 -100.00 -100.00
 139    29.434 56036.41879357 32.43  90.346751  26.123818 27.795 -100.00 -100.00 -100.00
 140    31.037 56046.33443309 44.30  90.344265  26.117301   -100 -100.00 -100.00 -100.00
 140    30.878 56046.33443368 42.87  90.345420  26.119738   -100 -100.00 -100.00 -100.00
 140    31.050 56046.33443427 43.53  90.346575  26.122175   -100 -100.00 -100.00 -100.00
 141    31.552 56056.25007105 42.45  90.345636  26.115439 26.080 -100.00 -100.00 -100.00
 141    31.158 56056.25007164 45.92  90.346791  26.117876   -100 -100.00 -100.00 -100.00
 141    31.241 56056.25007223 45.69  90.347946  26.120313   -100 -100.00 -100.00 -100.00
 142    31.380 56066.16570593 41.79  90.350618  26.117704   -100 -100.00 -100.00 -100.00
 142    31.430 56066.16570652 41.72  90.351773  26.120142   -100 -100.00 -100.00 -100.00
 143    31.707 56076.08135275 47.91  90.348833  26.117739   -100 -100.00 -100.00 -100.00
 143    31.624 56076.08135334 47.74  90.349988  26.120176   -100 -100.00 -100.00 -100.00
 144    33.763 56085.99700089 48.66  90.344169  26.115601   -100 -100.00 -100.00 -100.00
 144    33.702 56085.99700148 46.85  90.345324  26.118038   -100 -100.00 -100.00 -100.00
 144    33.735 56085.99700207 48.90  90.346478  26.120475   -100 -100.00 -100.00 -100.00
 144    33.848 56085.99700266 48.34  90.347633  26.122912   -100 -100.00 -100.00 -100.00
 145    33.714 56095.91264755 53.45  90.343436  26.117241   -100 -100.00 -100.00 -100.00
 145    33.427 56095.91264814 55.87  90.344591  26.119678 19.210 -100.00 -100.00 -100.00
 145    33.644 56095.91264874 56.75  90.345746  26.122115  4.517 -100.00 -100.00 -100.00
 146    35.080 56105.82829151 34.17  90.343613  26.115770 13.082 -100.00 -100.00 -100.00
 146    35.229 56105.82829210 30.91  90.344768  26.118207  8.205 -100.00 -100.00 -100.00
 146    35.230 56105.82829269 29.68  90.345923  26.120644  5.974 -100.00 -100.00 -100.00
 146    35.184 56105.82829328 29.89  90.347077  26.123080  6.245 -100.00 -100.00 -100.00
 147    33.982 56115.74392147 53.93  90.345875  26.115789 13.594 -100.00 -100.00 -100.00
 147    34.037 56115.74392206 54.84  90.347029  26.118226 19.506 -100.00 -100.00 -100.00
 147    34.031 56115.74392265 53.91  90.348184  26.120663 14.013 -100.00 -100.00 -100.00
 148    81.463 56125.65955978  8.85  90.349410  26.117444  7.837 -100.00 -100.00 -100.00
 148    82.014 56125.65956037 24.39  90.350565  26.119881 10.761 -100.00 -100.00 -100.00
 149    35.064 56135.57519362 36.86  90.351516  26.116571 15.505 -100.00 -100.00 -100.00
 149    34.485 56135.57519421 35.60  90.352671  26.119008 14.829 -100.00 -100.00 -100.00
 150    33.913 56145.49083604 45.84  90.350943  26.117718   -100 -100.00 -100.00 -100.00
 150    33.824 56145.49083663 48.75  90.352098  26.120155   -100 -100.00 -100.00 -100.00
 151    34.393 56155.40648562 35.63  90.347447  26.116711 14.558 -100.00 -100.00 -100.00
 151    32.773 56155.40648621 34.67  90.348602  26.119147 12.644 -100.00 -100.00 -100.00
 151    32.736 56155.40648680 39.47  90.349757  26.121584 25.680 -100.00 -100.00 -100.00
 152    34.926 56165.32213465 31.38  90.345806  26.116569 10.739 -100.00 -100.00 -100.00
 152    34.481 56165.32213524 32.32  90.346961  26.119006 11.502 -100.00 -100.00 -100.00
 152    33.981 56165.32213583 30.24  90.348116  26.121443  9.838 -100.00 -100.00 -100.00
 153    33.275 56175.23778188 48.45  90.346380  26.117532   -100 -100.00 -100.00 -100.00
 153    33.323 56175.23778247 46.88  90.347534  26.119969   -100 -100.00 -100.00 -100.00
 153    33.691 56175.23778306 49.52  90.348689  26.122406   -100 -100.00 -100.00 -100.00
 154    35.160 56185.15342367 32.11  90.347414  26.116681 17.655 -100.00 -100.00 -100.00
 154    34.975 56185.15342426 28.75  90.348569  26.119118 12.662 -100.00 -100.00 -100.00
 154    34.858 56185.15342485 27.05  90.349724  26.121555  8.391 -100.00 -100.00 -100.00
 155    34.968 56195.06906146 44.24  90.347903  26.115682 24.489 -100.00 -100.00 -100.00
 155    35.086 56195.06906205 42.60  90.349058  26.118118 15.704 -100.00 -100.00 -100.00
 155    35.143 56195.06906264 46.76  90.350213  26.120555 32.650 -100.00 -100.00 -100.00
 156    33.499 56204.98469659 48.51  90.348771  26.116910   -100 -100.00 -100.00 -100.00
 156    33.431 56204.98469718 50.70  90.349925  26.119347   -100 -100.00 -100.00 -100.00
 156    33.741 56204.98469777 52.97  90.351080  26.121784   -100 -100.00 -100.00 -100.00
 157    32.830 56214.90032994 49.38  90.350227  26.117547   -100 -100.00 -100.00 -100.00
 157    32.959 56214.90033053 53.94  90.351381  26.119983 19.934 -100.00 -100.00 -100.00
 158    31.772 56224.81596697 42.30  90.351892  26.117322   -100 -100.00 -100.00 -100.00
 158    31.619 56224.81596756 48.15  90.353047  26.119759   -100 -100.00 -100.00 -100.00
 159    30.569 56234.73162180 48.61  90.348814  26.115594   -100 -100.00 -100.00 -100.00
 159    30.489 56234.73162239 47.92  90.349969  26.118031  7.691 -100.00 -100.00 -100.00
 159    30.583 56234.73162298 52.71  90.351123  26.120467  2.462 -100.00 -100.00 -100.00
 160    30.565 56244.64727365 45.58  90.347900  26.117267 25.873 -100.00 -100.00 -100.00
 160    30.306 56244.64727424 50.84  90.349054  26.119704   -100 -100.00 -100.00 -100.00
 160    29.827 56244.64727484 54.01  90.350209  26.122140   -100 -100.00 -100.00 -100.00
 161    29.893 56254.56292019 42.44  90.345812  26.116961 25.292 -100.00 -100.00 -100.00
 161    29.414 56254.56292078 48.91  90.346967  26.119398  7.291 -100.00 -100.00 -100.00
 161    29.665 56254.56292137 53.03  90.348122  26.121835   -100 -100.00 -100.00 -100.00
 162    29.324 56264.47856282 42.14  90.344086  26.116613   -100 -100.00 -100.00 -100.00
 162    29.310 56264.47856341 47.92  90.345241  26.119050   -100 -100.00 -100.00 -100.00
 162    29.143 56264.47856400 51.87  90.346395  26.121487  5.167 -100.00 -100.00 -100.00
 163    29.680 56274.39420382 41.65  90.343155  26.115705 17.796 -100.00 -100.00 -100.00
 163    29.596 56274.39420441 44.55  90.344309  26.118142 22.916 -100.00 -100.00 -100.00
 163    28.792 56274.39420500 50.15  90.345464  26.120579 23.304 -100.00 -100.00 -100.00
 163    29.076 56274.39420559 49.64  90.346619  26.123016   -100 -100.00 -100.00 -100.00
 164    28.647 56284.30984890 37.80  90.343698  26.115729   -100 -100.00 -100.00 -100.00
 164    28.635 56284.30984949 32.78  90.344853  26.118166   -100 -100.00 -100.00 -100.00
 164    28.714 56284.30985008 31.94  90.346008  26.120603   -100 -100.00 -100.00 -100.00
 164    28.981 56284.30985067 28.28  90.347163  26.123040 19.647 -100.00 -100.00 -100.00
 165    29.555 56294.22550063 41.64  90.343963  26.116419 16.632 -100.00 -100.00 -100.00
 165    28.809 56294.22550122 44.65  90.345118  26.118856 32.323 -100.00 -100.00 -100.00
 165    28.528 56294.22550182 49.89  90.346273  26.121293   -100 -100.00 -100.00 -100.00
 166    28.266 56304.14114767 36.78  90.343549  26.115785   -100 -100.00 -100.00 -100.00
 166    28.323 56304.14114826 36.85  90.344704  26.118222   -100 -100.00 -100.00 -100.00
 166    28.175 56304.14114885 35.23  90.345859  26.120659   -100 -100.00 -100.00 -100.00
 166    28.228 56304.14114944 40.74  90.347014  26.123096  6.504 -100.00 -100.00 -100.00
 167    28.531 56314.05679072 39.56  90.342655  26.116006 24.945 -100.00 -100.00 -100.00
 167    28.787 56314.05679131 40.53  90.343810  26.118443 21.529 -100.00 -100.00 -100.00
 167    28.642 56314.05679190 46.74  90.344965  26.120880 31.671 -100.00 -100.00 -100.00
 167    28.010 56314.05679249 50.13  90.346120  26.123317 22.087 -100.00 -100.00 -100.00
 168    28.268 56323.97243128 38.52  90.341413  26.115628 29.488 -100.00 -100.00 -100.00
 168    28.433 56323.97243187 38.56  90.342568  26.118065 24.502 -100.00 -100.00 -100.00
 168    28.604 56323.97243246 42.56  90.343723  26.120502 23.088 -100.00 -100.00 -100.00
 168    28.210 56323.97243305 46.93  90.344878  26.122939   -100 -100.00 -100.00 -100.00
 169    28.162 56333.88807147 36.45  90.342516  26.116840 28.818 -100.00 -100.00 -100.00
 169    27.785 56333.88807206 37.43  90.343671  26.119277   -100 -100.00 -100.00 -100.00
 169    27.779 56333.88807265 40.86  90.344826  26.121714   -100 -100.00 -100.00 -100.00
 169    27.847 56333.88807324 41.42  90.345981  26.124151   -100 -100.00 -100.00 -100.00
 170    28.277 56343.80371089 38.45  90.345318  26.116928 25.413 -100.00 -100.00 -100.00
 170    28.045 56343.80371148 41.73  90.346472  26.119365   -100 -100.00 -100.00 -100.00
 170    27.966 56343.80371207 46.85  90.347627  26.121802   -100 -100.00 -100.00 -100.00
 171    27.825 56353.71934803 47.09  90.349260  26.116564 24.100 -100.00 -100.00 -100.00
 171    27.727 56353.71934862 48.10  90.350415  26.119002 29.816 -100.00 -100.00 -100.00
 171    27.983 56353.71934921 43.54  90.351570  26.121438   -100 -100.00 -100.00 -100.00
 172    28.692 56363.63499113 42.78  90.350248  26.117065 19.881 -100.00 -100.00 -100.00
 172    28.106 56363.63499172 47.91  90.351403  26.119501   -100 -100.00 -100.00 -100.00
 173    27.930 56373.55063971 35.79  90.346892  26.117175   -100 -100.00 -100.00 -100.00
 173    27.958 56373.55064030 32.97  90.348046  26.119612   -100 -100.00 -100.00 -100.00
 173    27.917 56373.55064089 30.03  90.349201  26.122049 27.478 -100.00 -100.00 -100.00
 175    28.675 56393.38192926 35.77  90.339581  26.115327   -100 -100.00 -100.00 -100.00
 175    29.419 56393.38192985 37.73  90.340736  26.117764 21.531 -100.00 -100.00 -100.00
 175    29.336 56393.38193044 39.72  90.341891  26.120201 22.485 -100.00 -100.00 -100.00
 175    28.778 56393.38193103 44.96  90.343045  26.122638   -100 -100.00 -100.00 -100.00
 175    28.672 56393.38193162 42.42  90.344200  26.125075   -100 -100.00 -100.00 -100.00
 176    29.917 56403.29757214 31.71  90.340962  26.116156 12.524 -100.00 -100.00 -100.00
 176    29.983 56403.29757273 32.58  90.342117  26.118593 15.178 -100.00 -100.00 -100.00
 176    29.946 56403.29757332 32.86  90.343272  26.121030 14.613 -100.00 -100.00 -100.00
 176    28.574 56403.29757391 34.87  90.344427  26.123467 21.765 -100.00 -100.00 -100.00
 177    34.440 56413.21321212 30.06  90.343936  26.116289 15.668 -100.00 -100.00 -100.00
 177    34.000 56413.21321271 28.72  90.345091  26.118726 13.407 -100.00 -100.00 -100.00
 177    33.414 56413.21321330 29.71  90.346246  26.121163 15.657 -100.00 -100.00 -100.00
 177    33.132 56413.21321389 29.11  90.347400  26.123600 13.994 -100.00 -100.00 -100.00
 178    34.898 56423.12884698 37.87  90.348148  26.115646   -100 -100.00 -100.00 -100.00
 178    34.945 56423.12884757 33.20  90.349303  26.118083 30.476 -100.00 -100.00 -100.00
 178    34.797 56423.12884816 29.64  90.350457  26.120521 17.383 -100.00 -100.00 -100.00
 179    31.574 56433.04449005 51.03  90.347693  26.115422   -100 -100.00 -100.00 -100.00
 179    31.528 56433.04449064 52.24  90.348848  26.117859   -100 -100.00 -100.00 -100.00
 179    31.551 56433.04449123 52.67  90.350003  26.120296   -100 -100.00 -100.00 -100.00
 180    34.575 56442.96014218 30.81  90.343600  26.117293 14.995 -100.00 -100.00 -100.00
 180    34.667 56442.96014277 27.69  90.344755  26.119730  8.629 -100.00 -100.00 -100.00
 180    34.219 56442.96014336 27.03  90.345910  26.122167  8.122 -100.00 -100.00 -100.00
 181    31.911 56452.87579102 52.75  90.339832  26.115932 18.935 -100.00 -100.00 -100.00
 181    31.919 56452.87579161 53.15  90.340987  26.118369 20.988 -100.00 -100.00 -100.00
 181    32.020 56452.87579220 51.97  90.342141  26.120806   -100 -100.00 -100.00 -100.00
 181    32.157 56452.87579279 54.95  90.343296  26.123243  4.181 -100.00 -100.00 -100.00
 182    31.707 56462.79143753 47.08  90.339368  26.114536   -100 -100.00 -100.00 -100.00
 182    31.525 56462.79143812 51.99  90.340522  26.116973  6.634 -100.00 -100.00 -100.00
 182    31.531 56462.79143871 54.45  90.341677  26.119409 17.946 -100.00 -100.00 -100.00
 182    31.562 56462.79143930 48.78  90.342832  26.121846   -100 -100.00 -100.00 -100.00
 182    31.592 56462.79143989 46.93  90.343986  26.124283   -100 -100.00 -100.00 -100.00
 183    32.616 56472.70708184 50.59  90.342629  26.116945  2.824 -100.00 -100.00 -100.00
 183    32.574 56472.70708243 46.48  90.343783  26.119381   -100 -100.00 -100.00 -100.00
 183    32.945 56472.70708302 47.49  90.344938  26.121818   -100 -100.00 -100.00 -100.00
 183    32.942 56472.70708361 46.81  90.346093  26.124255   -100 -100.00 -100.00 -100.00
 184    34.122 56482.62272202 50.54  90.344923  26.115936   -100 -100.00 -100.00 -100.00
 184    34.201 56482.62272262 45.86  90.346078  26.118373 25.105 -100.00 -100.00 -100.00
 184    34.264 56482.62272321 44.09  90.347232  26.120810 22.548 -100.00 -100.00 -100.00
 185    33.916 56492.53835914 51.80  90.346682  26.116566   -100 -100.00 -100.00 -100.00
 185    33.939 56492.53835973 43.42  90.347836  26.119002 25.416 -100.00 -100.00 -100.00
 185    33.913 56492.53836032 45.92  90.348991  26.121439   -100 -100.00 -100.00 -100.00
 186    33.945 56502.45399389 52.18  90.348019  26.116527  5.135 -100.00 -100.00 -100.00
 186    33.920 56502.45399448 50.54  90.349173  26.118964   -100 -100.00 -100.00 -100.00
 186    33.932 56502.45399507 52.24  90.350328  26.121401   -100 -100.00 -100.00 -100.00
 187    33.298 56512.36962735 42.40  90.350922  26.116316   -100 -100.00 -100.00 -100.00
 187    34.475 56512.36962794 34.17  90.352077  26.118753 13.972 -100.00 -100.00 -100.00
 187    34.123 56512.36962853 34.26  90.353232  26.121189 16.986 -100.00 -100.00 -100.00
 188    35.127 56522.28527531 32.08  90.351061  26.117174  8.374 -100.00 -100.00 -100.00
 188    34.303 56522.28527590 30.17  90.352216  26.119610  5.464 -100.00 -100.00 -100.00
 189    32.520 56532.20092791 49.78  90.349124  26.116496   -100 -100.00 -100.00 -100.00
 189    32.538 56532.20092850 38.81  90.350278  26.118933 24.702 -100.00 -100.00 -100.00
 189    32.431 56532.20092909 36.46  90.351433  26.121370 21.169 -100.00 -100.00 -100.00
 191    32.915 56552.03222191 48.80  90.346036  26.117507  4.571 -100.00 -100.00 -100.00
 191    32.961 56552.03222250 42.26  90.347190  26.119943   -100 -100.00 -100.00 -100.00
 191    33.154 56552.03222309 37.15  90.348345  26.122380 16.235 -100.00 -100.00 -100.00
 192    31.793 56561.94786409 41.42  90.343176  26.116710   -100 -100.00 -100.00 -100.00
 192    31.914 56561.94786468 38.63  90.344330  26.119147 29.957 -100.00 -100.00 -100.00
 192    31.874 56561.94786527 43.00  90.345485  26.121583   -100 -100.00 -100.00 -100.00
 192    32.024 56561.94786586 44.67  90.346640  26.124020   -100 -100.00 -100.00 -100.00
 193    34.908 56571.86350498 28.51  90.341521  26.115399  7.636 -100.00 -100.00 -100.00
 193    34.702 56571.86350557 28.62  90.342676  26.117836  7.364 -100.00 -100.00 -100.00
 193    33.970 56571.86350616 28.89  90.343830  26.120273  6.524 -100.00 -100.00 -100.00
 193    32.923 56571.86350675 30.07  90.344985  26.122709  7.946 -100.00 -100.00 -100.00
 194    34.825 56581.77914477 29.08  90.343417  26.115787  9.179 -100.00 -100.00 -100.00
 194    34.348 56581.77914536 28.90  90.344572  26.118224  7.330 -100.00 -100.00 -100.00
 194    31.252 56581.77914595 33.15  90.345726  26.120660 16.055 -100.00 -100.00 -100.00
 194    31.116 56581.77914654 35.08  90.346881  26.123097 20.717 -100.00 -100.00 -100.00
 195    31.572 56591.69478084 46.92  90.349268  26.117063 27.997 -100.00 -100.00 -100.00
 195    30.976 56591.69478143 51.31  90.350423  26.119500 21.373 -100.00 -100.00 -100.00
 195    30.871 56591.69478202 55.28  90.351577  26.121936 32.264 -100.00 -100.00 -100.00
 196    30.905 56601.61042979 47.98  90.348235  26.115714   -100 -100.00 -100.00 -100.00
 196    31.274 56601.61043038 47.88  90.349390  26.118151 31.141 -100.00 -100.00 -100.00
 196    31.050 56601.61043097 52.21  90.350544  26.120588   -100 -100.00 -100.00 -100.00
 197    30.965 56611.52607967 41.74  90.345997  26.116949 16.693 -100.00 -100.00 -100.00
 197    29.786 56611.52608026 49.24  90.347151  26.119385 18.321 -100.00 -100.00 -100.00
 197    29.843 56611.52608086 53.71  90.348306  26.121822 10.935 -100.00 -100.00 -100.00
 198    29.435 56621.44172468 43.66  90.342991  26.115682   -100 -100.00 -100.00 -100.00
 198    29.643 56621.44172527 45.81  90.344146  26.118119   -100 -100.00 -100.00 -100.00
 198    29.411 56621.44172586 47.78  90.345301  26.120556   -100 -100.00 -100.00 -100.00
 198    29.418 56621.44172645 53.18  90.346455  26.122993 11.424 -100.00 -100.00 -100.00
 199    29.055 56631.35736740 43.69  90.342344  26.116297   -100 -100.00 -100.00 -100.00
 199    29.259 56631.35736799 44.96  90.343499  26.118734 32.520 -100.00 -100.00 -100.00
 199    29.104 56631.35736858 44.77  90.344654  26.121171   -100 -100.00 -100.00 -100.00
 199    29.160 56631.35736917 44.96  90.345808  26.123608   -100 -100.00 -100.00 -100.00
 200    28.797 56641.27300663 39.56  90.345437  26.117344   -100 -100.00 -100.00 -100.00
 200    28.650 56641.27300722 41.07  90.346592  26.119781   -100 -100.00 -100.00 -100.00
 200    28.770 56641.27300781 39.70  90.347747  26.122218   -100 -100.00 -100.00 -100.00
 201    28.461 56651.18865524 39.77  90.346567  26.117514   -100 -100.00 -100.00 -100.00
 201    28.666 56651.18865583 34.96  90.347722  26.119951 20.269 -100.00 -100.00 -100.00
 201    29.437 56651.18865642 33.00  90.348877  26.122388 14.884 -100.00 -100.00 -100.00
 202    28.493 56661.10430542 40.89  90.344982  26.116178 31.583 -100.00 -100.00 -100.00
 202    29.706 56661.10430601 40.60  90.346137  26.118615 13.575 -100.00 -100.00 -100.00
 202    29.211 56661.10430660 43.87  90.347292  26.121052 19.792 -100.00 -100.00 -100.00
 203    28.582 56671.01995207 36.71  90.342636  26.115068 29.123 -100.00 -100.00 -100.00
 203    28.211 56671.01995266 36.89  90.343791  26.117506   -100 -100.00 -100.00 -100.00
 203    28.673 56671.01995325 39.71  90.344946  26.119943 27.013 -100.00 -100.00 -100.00
 203    28.803 56671.01995384 41.88  90.346101  26.122380 26.442 -100.00 -100.00 -100.00
 204    28.395 56680.93559697 37.95  90.341089  26.116125 30.781 -100.00 -100.00 -100.00
 204    29.380 56680.93559756 39.72  90.342244  26.118563 15.393 -100.00 -100.00 -100.00
 204    29.115 56680.93559815 41.93  90.343399  26.121000 18.344 -100.00 -100.00 -100.00
 204    28.322 56680.93559874 48.82  90.344554  26.123437   -100 -100.00 -100.00 -100.00
 205    28.035 56690.85123939 34.64  90.340371  26.114439 30.480 -100.00 -100.00 -100.00
 205    28.033 56690.85123998 37.08  90.341525  26.116877   -100 -100.00 -100.00 -100.00
 205    28.038 56690.85124057 33.68  90.342680  26.119314 29.289 -100.00 -100.00 -100.00
 205    28.108 56690.85124116 29.53  90.343835  26.121751 17.227 -100.00 -100.00 -100.00
 205    28.713 56690.85124175 28.02  90.344990  26.124188 11.043 -100.00 -100.00 -100.00
 206    27.693 56700.76687967 40.00  90.344686  26.117539   -100 -100.00 -100.00 -100.00
 206    27.748 56700.76688026 38.97  90.345841  26.119976   -100 -100.00 -100.00 -100.00
 206    27.783 56700.76688085 43.10  90.346996  26.122413  4.394 -100.00 -100.00 -100.00
 207    27.849 56710.68251459 44.29  90.349229  26.117493  0.162 -100.00 -100.00 -100.00
 207    33.495 56710.68251518 31.37  90.350384  26.119931 15.738 -100.00 -100.00 -100.00
 208    27.896 56720.59815744 44.87  90.349176  26.117758   -100 -100.00 -100.00 -100.00
 208    27.729 56720.59815803 48.25  90.350331  26.120195 18.852 -100.00 -100.00 -100.00
 210    27.866 56740.42945613 39.55  90.339210  26.114641   -100 -100.00 -100.00 -100.00
 210    28.005 56740.42945672 41.10  90.340365  26.117078   -100 -100.00 -100.00 -100.00
 210    28.361 56740.42945731 42.55  90.341520  26.119516 31.311 -100.00 -100.00 -100.00
 210    28.756 56740.42945790 43.91  90.342675  26.121953 21.036 -100.00 -100.00 -100.00
 210    28.167 56740.42945849 50.41  90.343830  26.124390   -100 -100.00 -100.00 -100.00
 211    28.084 56750.34510023 33.75  90.337955  26.114595 27.318 -100.00 -100.00 -100.00
 211    28.294 56750.34510082 35.80  90.339110  26.117032 29.128 -100.00 -100.00 -100.00
 211    28.149 56750.34510141 38.08  90.340264  26.119470   -100 -100.00 -100.00 -100.00
 211    27.969 56750.34510200 31.77  90.341419  26.121907 20.806 -100.00 -100.00 -100.00
 211    27.905 56750.34510259 32.93  90.342574  26.124344 25.190 -100.00 -100.00 -100.00
 212    29.241 56760.26074013 36.05  90.341329  26.116192 21.428 -100.00 -100.00 -100.00
 212    28.743 56760.26074072 38.07  90.342484  26.118629 31.116 -100.00 -100.00 -100.00
 212    28.583 56760.26074131 34.36  90.343638  26.121066 29.395 -100.00 -100.00 -100.00
 212    28.564 56760.26074190 39.73  90.344793  26.123504   -100 -100.00 -100.00 -100.00
 213    28.573 56770.17637329 39.73  90.346660  26.115891   -100 -100.00 -100.00 -100.00
 213    28.537 56770.17637388 32.80  90.347815  26.118328 14.914 -100.00 -100.00 -100.00
 213    28.644 56770.17637447 34.53  90.348970  26.120765 20.579 -100.00 -100.00 -100.00
 214    28.849 56780.09202546 34.28  90.345529  26.117585   -100 -100.00 -100.00 -100.00
 214    28.762 56780.09202605 30.53  90.346684  26.120022 32.739 -100.00 -100.00 -100.00
 214    28.806 56780.09202664 33.17  90.347839  26.122459   -100 -100.00 -100.00 -100.00
 215    35.053 56790.00767981 32.09  90.340819  26.116184  8.052 -100.00 -100.00 -100.00
 215    34.678 56790.00768040 31.41  90.341974  26.118621  7.955 -100.00 -100.00 -100.00
 215    34.110 56790.00768099 32.25  90.343129  26.121058 10.147 -100.00 -100.00 -100.00
 215    33.031 56790.00768158 36.47  90.344284  26.123495 20.652 -100.00 -100.00 -100.00
 216    33.984 56799.92333125 26.74  90.337137  26.116968 11.751 -100.00 -100.00 -100.00
 216    33.842 56799.92333184 24.18  90.338292  26.119405  7.898 -100.00 -100.00 -100.00
 216    33.647 56799.92333243 23.91  90.339447  26.121842  7.278 -100.00 -100.00 -100.00
 216    33.552 56799.92333302 25.99  90.340602  26.124279 10.333 -100.00 -100.00 -100.00
 217    31.234 56809.83897609 55.45  90.336017  26.116787   -100 -100.00 -100.00 -100.00
 217    31.275 56809.83897668 56.40  90.337171  26.119224   -100 -100.00 -100.00 -100.00
 217    31.352 56809.83897727 51.94  90.338326  26.121661  8.678 -100.00 -100.00 -100.00
 217    31.407 56809.83897786 53.30  90.339481  26.124098  5.919 -100.00 -100.00 -100.00
 218    31.961 56819.75461546 40.84  90.336969  26.114123 25.852 -100.00 -100.00 -100.00
 218    32.028 56819.75461605 43.71  90.338124  26.116560   -100 -100.00 -100.00 -100.00
 218    31.983 56819.75461664 48.01  90.339278  26.118997   -100 -100.00 -100.00 -100.00
 218    31.979 56819.75461724 48.02  90.340433  26.121434   -100 -100.00 -100.00 -100.00
 218    31.995 56819.75461783 51.29  90.341588  26.123870  5.480 -100.00 -100.00 -100.00
 219    35.015 56829.67025249 31.04  90.342660  26.116658 16.705 -100.00 -100.00 -100.00
 219    35.069 56829.67025308 28.38  90.343815  26.119095 11.069 -100.00 -100.00 -100.00
 219    34.987 56829.67025367 27.12  90.344970  26.121532  9.785 -100.00 -100.00 -100.00
 219    34.012 56829.67025426 29.51  90.346125  26.123969 15.360 -100.00 -100.00 -100.00
 221    33.486 56849.50151967 49.57  90.351744  26.117426  5.141 -100.00 -100.00 -100.00
 221    33.462 56849.50152026 52.41  90.352898  26.119863 15.518 -100.00 -100.00 -100.00
 222    35.086 56859.41717356 39.82  90.346278  26.115926 22.220 -100.00 -100.00 -100.00
 222    34.864 56859.41717415 36.38  90.347433  26.118362 14.189 -100.00 -100.00 -100.00
 222    33.947 56859.41717474 38.44  90.348588  26.120799 21.719 -100.00 -100.00 -100.00
 223    33.360 56869.33282731 41.42  90.343134  26.116604 25.428 -100.00 -100.00 -100.00
 223    33.515 56869.33282790 35.67  90.344289  26.119041  9.319 -100.00 -100.00 -100.00
 223    33.437 56869.33282849 37.15  90.345443  26.121477 12.846 -100.00 -100.00 -100.00
 223    33.458 56869.33282908 46.14  90.346598  26.123914   -100 -100.00 -100.00 -100.00
 224    33.278 56879.24847834 41.84  90.340758  26.114999   -100 -100.00 -100.00 -100.00
 224    33.238 56879.24847893 43.67  90.341913  26.117435  6.861 -100.00 -100.00 -100.00
 224    33.280 56879.24847952 36.18  90.343068  26.119872 29.657 -100.00 -100.00 -100.00
 224    33.267 56879.24848011 34.76  90.344222  26.122309 23.464 -100.00 -100.00 -100.00
 224    33.211 56879.24848070 38.00  90.345377  26.124746   -100 -100.00 -100.00 -100.00
 225    34.699 56889.16412662 39.99  90.340590  26.116133 13.198 -100.00 -100.00 -100.00
 225    34.619 56889.16412721 42.06  90.341745  26.118570 17.563 -100.00 -100.00 -100.00
 225    34.739 56889.16412780 44.76  90.342899  26.121007 25.114 -100.00 -100.00 -100.00
 225    34.969 56889.16412839 47.96  90.344054  26.123444 29.033 -100.00 -100.00 -100.00
 226    34.885 56899.07977137 49.11  90.338923  26.114696   -100 -100.00 -100.00 -100.00
 226    35.021 56899.07977196 48.04  90.340077  26.117133 32.139 -100.00 -100.00 -100.00
 226    35.062 56899.07977255 51.18  90.341232  26.119570   -100 -100.00 -100.00 -100.00
 226    35.042 56899.07977314 50.64  90.342387  26.122007   -100 -100.00 -100.00 -100.00
 226    35.067 56899.07977373 48.42  90.343542  26.124443 32.022 -100.00 -100.00 -100.00
 227    33.144 56908.99541419 46.09  90.337731  26.115990   -100 -100.00 -100.00 -100.00
 227    33.200 56908.99541478 46.96  90.338885  26.118427   -100 -100.00 -100.00 -100.00
 227    33.221 56908.99541537 46.58  90.340040  26.120864   -100 -100.00 -100.00 -100.00
 227    33.280 56908.99541596 44.17  90.341195  26.123300 27.559 -100.00 -100.00 -100.00
 228    32.388 56918.91105476 35.55  90.337116  26.115826 15.541 -100.00 -100.00 -100.00
 228    32.547 56918.91105535 34.30  90.338270  26.118263 12.017 -100.00 -100.00 -100.00
 228    32.450 56918.91105594 38.66  90.339425  26.120700 22.087 -100.00 -100.00 -100.00
 228    32.691 56918.91105653 37.74  90.340580  26.123137 18.646 -100.00 -100.00 -100.00
 229    33.811 56928.82669312 54.31  90.338375  26.114420  2.012 -100.00 -100.00 -100.00
 229    33.654 56928.82669371 55.48  90.339529  26.116857 17.949 -100.00 -100.00 -100.00
 229    33.674 56928.82669430 52.98  90.340684  26.119294  7.498 -100.00 -100.00 -100.00
 229    33.696 56928.82669489 49.58  90.341838  26.121730   -100 -100.00 -100.00 -100.00
 229    33.712 56928.82669548 49.82  90.342993  26.124167   -100 -100.00 -100.00 -100.00
 230    32.098 56938.74232816 50.26  90.343837  26.116369   -100 -100.00 -100.00 -100.00
 230    32.195 56938.74232875 54.05  90.344991  26.118806   -100 -100.00 -100.00 -100.00
 230    32.020 56938.74232934 56.46  90.346145  26.121242   -100 -100.00 -100.00 -100.00
 230    31.879 56938.74232994 54.05  90.347300  26.123679   -100 -100.00 -100.00 -100.00
 231    30.923 56948.65796325 43.12  90.349314  26.117656   -100 -100.00 -100.00 -100.00
 231    30.840 56948.65796384 38.26  90.350468  26.120093   -100 -100.00 -100.00 -100.00
 232    30.453 56958.57361561 42.53  90.346024  26.116264 30.200 -100.00 -100.00 -100.00
 232    30.694 56958.57361620 46.13  90.347179  26.118701 28.294 -100.00 -100.00 -100.00
 232    30.097 56958.57361679 51.55  90.348333  26.121138 30.908 -100.00 -100.00 -100.00
 233    29.592 56968.48926322 36.87  90.343374  26.115953 20.230 -100.00 -100.00 -100.00
 233    29.718 56968.48926381 39.72  90.344529  26.118390 24.110 -100.00 -100.00 -100.00
 233    29.654 56968.48926440 40.36  90.345683  26.120827 27.605 -100.00 -100.00 -100.00
 233    29.817 56968.48926499 37.41  90.346838  26.123264 17.416 -100.00 -100.00 -100.00
 234    29.302 56978.40490727 39.53  90.342403  26.115697 30.132 -100.00 -100.00 -100.00
 234    29.355 56978.40490786 41.03  90.343558  26.118134 27.477 -100.00 -100.00 -100.00
 234    29.343 56978.40490845 42.81  90.344713  26.120571   -100 -100.00 -100.00 -100.00
 234    29.050 56978.40490904 42.10  90.345867  26.123008   -100 -100.00 -100.00 -100.00
 235    34.438 56988.32054744 28.57  90.344214  26.116632  7.980 -100.00 -100.00 -100.00
 235    29.084 56988.32054803 29.10  90.345369  26.119069  8.133 -100.00 -100.00 -100.00
 235    29.530 56988.32054862 30.74  90.346524  26.121506  9.937 -100.00 -100.00 -100.00
 236    34.555 56998.23618174 28.75  90.349236  26.117516 15.622 -100.00 -100.00 -100.00
 236    33.951 56998.23618233 27.49  90.350390  26.119953 12.639 -100.00 -100.00 -100.00
 237    34.263 57008.15183142 29.34  90.348835  26.117714 11.454 -100.00 -100.00 -100.00
 237    28.934 57008.15183201 29.92  90.349990  26.120151 12.800 -100.00 -100.00 -100.00
 238    34.588 57018.06748443 27.85  90.345939  26.116927  9.821 -100.00 -100.00 -100.00
 238    28.539 57018.06748502 36.71  90.347094  26.119364 28.144 -100.00 -100.00 -100.00
 238    28.925 57018.06748561 35.71  90.348249  26.121801 26.649 -100.00 -100.00 -100.00
 239    27.921 57027.98313382 37.10  90.342999  26.115789   -100 -100.00 -100.00 -100.00
 239    30.243 57027.98313441 37.20  90.344154  26.118226  9.860 -100.00 -100.00 -100.00
 239    28.552 57027.98313501 40.46  90.345309  26.120663   -100 -100.00 -100.00 -100.00
 239    28.874 57027.98313560 37.86  90.346464  26.123100 29.066 -100.00 -100.00 -100.00
 240    28.009 57037.89878169 31.35  90.341429  26.116193 14.325 -100.00 -100.00 -100.00
 240    28.192 57037.89878228 37.10  90.342584  26.118630 23.547 -100.00 -100.00 -100.00
 240    28.847 57037.89878287 36.91  90.343739  26.121067 19.389 -100.00 -100.00 -100.00
 240    28.861 57037.89878346 37.42  90.344894  26.123504 28.335 -100.00 -100.00 -100.00
 241    34.133 57047.81442659 31.29  90.340651  26.114458 15.133 -100.00 -100.00 -100.00
 241    27.906 57047.81442718 37.21  90.341805  26.116895 25.004 -100.00 -100.00 -100.00
 241    28.050 57047.81442777 37.25  90.342960  26.119332 25.978 -100.00 -100.00 -100.00
 241    28.787 57047.81442837 33.63  90.344115  26.121769 21.708 -100.00 -100.00 -100.00
 241    28.848 57047.81442896 30.83  90.345270  26.124206 12.827 -100.00 -100.00 -100.00
 242    32.138 57057.73006851 33.80  90.343073  26.115216 15.356 -100.00 -100.00 -100.00
 242    27.766 57057.73006910 40.63  90.344228  26.117653   -100 -100.00 -100.00 -100.00
 242    27.828 57057.73006969 41.16  90.345382  26.120090   -100 -100.00 -100.00 -100.00
 242    27.561 57057.73007029 34.94  90.346537  26.122527 24.477 -100.00 -100.00 -100.00
 243    27.670 57067.64570484 42.21  90.346030  26.115280   -100 -100.00 -100.00 -100.00
 243    27.879 57067.64570543 44.82  90.347185  26.117717   -100 -100.00 -100.00 -100.00
 243    28.044 57067.64570602 45.04  90.348340  26.120154 32.435 -100.00 -100.00 -100.00
 244    27.597 57077.56133754 48.33  90.349440  26.117601  4.333 -100.00 -100.00 -100.00
 244    27.857 57077.56133813 48.36  90.350594  26.120038   -100 -100.00 -100.00 -100.00
 245    34.572 57087.47696968 34.99  90.350357  26.115577 25.358 -100.00 -100.00 -100.00
 245    34.253 57087.47697027 29.66  90.351511  26.118014 17.947 -100.00 -100.00 -100.00
 245    33.948 57087.47697086 27.28  90.352666  26.120451 16.184 -100.00 -100.00 -100.00
 246    34.636 57097.39262820 27.75  90.344664  26.116071 14.042 -100.00 -100.00 -100.00
 246    34.406 57097.39262879 23.43  90.345819  26.118508  9.530 -100.00 -100.00 -100.00
 246    34.105 57097.39262938 22.85  90.346974  26.120946  8.512 -100.00 -100.00 -100.00
 247    28.095 57107.30828396 34.34  90.341104  26.116036   -100 -100.00 -100.00 -100.00
 247    28.371 57107.30828455 34.47  90.342258  26.118474 29.515 -100.00 -100.00 -100.00
 247    28.289 57107.30828514 29.47  90.343413  26.120911 20.617 -100.00 -100.00 -100.00
 247    27.966 57107.30828573 28.22  90.344568  26.123348 19.627 -100.00 -100.00 -100.00
 248    34.339 57117.22393466 30.48  90.340070  26.114403 10.714 -100.00 -100.00 -100.00
 248    34.278 57117.22393525 29.35  90.341225  26.116840  9.547 -100.00 -100.00 -100.00
 248    33.942 57117.22393584 29.29  90.342379  26.119277  9.714 -100.00 -100.00 -100.00
 248    29.514 57117.22393643 33.26  90.343534  26.121715 18.915 -100.00 -100.00 -100.00
 248    29.734 57117.22393702 36.32  90.344689  26.124152 27.842 -100.00 -100.00 -100.00
 249    30.059 57127.13957981 40.68  90.341383  26.115585 30.947 -100.00 -100.00 -100.00
 249    30.889 57127.13958040 41.07  90.342538  26.118022 15.301 -100.00 -100.00 -100.00
 249    30.760 57127.13958099 43.11  90.343693  26.120460 18.975 -100.00 -100.00 -100.00
 249    29.911 57127.13958158 50.60  90.344847  26.122897  8.470 -100.00 -100.00 -100.00
 250    34.599 57137.05521939 32.55  90.342921  26.116932 17.440 -100.00 -100.00 -100.00
 250    34.069 57137.05521998 32.60  90.344076  26.119369 19.322 -100.00 -100.00 -100.00
 250    30.540 57137.05522057 34.94  90.345231  26.121806 25.023 -100.00 -100.00 -100.00
 250    30.353 57137.05522116 39.09  90.346386  26.124243   -100 -100.00 -100.00 -100.00
 251    29.965 57146.97085456 38.26  90.345037  26.117123   -100 -100.00 -100.00 -100.00
 251    34.118 57146.97085515 33.72  90.346192  26.119560 24.381 -100.00 -100.00 -100.00
 251    33.500 57146.97085574 34.10  90.347346  26.121997 25.970 -100.00 -100.00 -100.00
 252    35.258 57156.88648692 38.10  90.348019  26.115860 20.057 -100.00 -100.00 -100.00
 252    35.102 57156.88648751 35.28  90.349174  26.118297 15.103 -100.00 -100.00 -100.00
 252    34.035 57156.88648810 34.19  90.350329  26.120734 12.587 -100.00 -100.00 -100.00
 253    33.966 57166.80213126 40.21  90.349852  26.117723   -100 -100.00 -100.00 -100.00
 253    33.743 57166.80213185 36.62  90.351007  26.120159 21.774 -100.00 -100.00 -100.00
 254    34.828 57176.71778679 37.54  90.346766  26.116777 13.798 -100.00 -100.00 -100.00
 254    33.871 57176.71778738 37.99  90.347921  26.119213 15.631 -100.00 -100.00 -100.00
 254    32.200 57176.71778797 45.20  90.349075  26.121650   -100 -100.00 -100.00 -100.00
 255    34.278 57186.63343858 40.61  90.344766  26.116126 15.155 -100.00 -100.00 -100.00
 255    34.351 57186.63343917 40.42  90.345920  26.118563 12.637 -100.00 -100.00 -100.00
 255    34.228 57186.63343976 41.41  90.347075  26.121000 14.517 -100.00 -100.00 -100.00
 256    33.796 57196.54908673 48.49  90.343797  26.116694 14.194 -100.00 -100.00 -100.00
 256    33.808 57196.54908733 44.32  90.344951  26.119130   -100 -100.00 -100.00 -100.00
 256    33.794 57196.54908792 39.89  90.346106  26.121567 25.360 -100.00 -100.00 -100.00
 257    34.579 57206.46472131 32.34  90.342448  26.116467 14.833 -100.00 -100.00 -100.00
 257    34.000 57206.46472190 32.49  90.343602  26.118904 17.592 -100.00 -100.00 -100.00
 257    33.640 57206.46472249 33.34  90.344757  26.121341 18.807 -100.00 -100.00 -100.00
 257    33.451 57206.46472308 38.18  90.345912  26.123777   -100 -100.00 -100.00 -100.00
 258    34.714 57216.38036652 29.81  90.341875  26.116532  6.400 -100.00 -100.00 -100.00
 258    34.820 57216.38036711 29.48  90.343030  26.118969  6.937 -100.00 -100.00 -100.00
 258    33.963 57216.38036770 31.47  90.344185  26.121405  9.529 -100.00 -100.00 -100.00
 258    33.172 57216.38036830 34.77  90.345340  26.123842 15.289 -100.00 -100.00 -100.00
 259    32.819 57226.29601088 44.08  90.343146  26.117075 31.939 -100.00 -100.00 -100.00
 259    32.643 57226.29601147 40.65  90.344300  26.119512 23.103 -100.00 -100.00 -100.00
 259    32.529 57226.29601206 40.12  90.345455  26.121948 21.863 -100.00 -100.00 -100.00
 259    32.878 57226.29601265 47.51  90.346610  26.124385 32.310 -100.00 -100.00 -100.00
 260    31.988 57236.21165312 46.54  90.345024  26.117046   -100 -100.00 -100.00 -100.00
 260    32.138 57236.21165371 43.03  90.346179  26.119483 27.649 -100.00 -100.00 -100.00
 260    31.855 57236.21165430 49.56  90.347334  26.121920   -100 -100.00 -100.00 -100.00
 261    34.548 57246.12729184 36.38  90.346860  26.117115 15.453 -100.00 -100.00 -100.00
 261    32.450 57246.12729243 35.39  90.348015  26.119551 12.432 -100.00 -100.00 -100.00
 261    32.754 57246.12729302 42.85  90.349170  26.121988   -100 -100.00 -100.00 -100.00
 262    34.737 57256.04292763 47.22  90.347762  26.116795   -100 -100.00 -100.00 -100.00
 262    34.793 57256.04292822 46.16  90.348917  26.119232   -100 -100.00 -100.00 -100.00
 262    34.858 57256.04292881 49.75  90.350072  26.121669   -100 -100.00 -100.00 -100.00
 263    34.330 57265.95856230 46.10  90.348962  26.117708   -100 -100.00 -100.00 -100.00
 263    34.391 57265.95856289 46.13  90.350117  26.120145   -100 -100.00 -100.00 -100.00
 264    34.175 57275.87420568 53.61  90.348499  26.117522 12.972 -100.00 -100.00 -100.00
 264    34.170 57275.87420627 54.63  90.349654  26.119959 18.986 -100.00 -100.00 -100.00
 265    32.975 57285.78986195 49.44  90.345913  26.116793   -100 -100.00 -100.00 -100.00
 265    32.894 57285.78986254 50.95  90.347067  26.119230   -100 -100.00 -100.00 -100.00
 265    33.225 57285.78986314 53.94  90.348222  26.121666   -100 -100.00 -100.00 -100.00
 266    33.626 57295.70551582 54.51  90.345140  26.117531  7.724 -100.00 -100.00 -100.00
 266    33.623 57295.70551641 54.62  90.346294  26.119968  8.732 -100.00 -100.00 -100.00
 266    33.604 57295.70551700 56.62  90.347449  26.122404 22.911 -100.00 -100.00 -100.00
 267    32.156 57305.62116568 44.13  90.343510  26.116342 18.334 -100.00 -100.00 -100.00
 267    31.529 57305.62116627 48.23  90.344665  26.118779   -100 -100.00 -100.00 -100.00
 267    31.272 57305.62116687 53.71  90.345819  26.121215   -100 -100.00 -100.00 -100.00
 267    31.427 57305.62116746 48.57  90.346974  26.123652   -100 -100.00 -100.00 -100.00
 268    30.584 57315.53681197 37.13  90.341139  26.115845 15.841 -100.00 -100.00 -100.00
 268    30.871 57315.53681256 42.07  90.342293  26.118281 21.742 -100.00 -100.00 -100.00
 268    30.769 57315.53681315 38.61  90.343448  26.120718 19.245 -100.00 -100.00 -100.00
 268    30.848 57315.53681374 46.19  90.344603  26.123154   -100 -100.00 -100.00 -100.00
 269    29.413 57325.45245529 33.19  90.338804  26.115473 10.769 -100.00 -100.00 -100.00
 269    29.696 57325.45245588 33.95  90.339958  26.117909 11.631 -100.00 -100.00 -100.00
 269    30.098 57325.45245647 34.80  90.341113  26.120346 12.877 -100.00 -100.00 -100.00
 269    29.948 57325.45245706 40.82  90.342268  26.122783 31.147 -100.00 -100.00 -100.00
 270    33.475 57335.36809678 27.11  90.338473  26.114155  9.438 -100.00 -100.00 -100.00
 270    33.673 57335.36809737 27.42  90.339628  26.116591 10.807 -100.00 -100.00 -100.00
 270    30.053 57335.36809797 28.88  90.340782  26.119028 12.365 -100.00 -100.00 -100.00
 270    29.765 57335.36809856 29.33  90.341937  26.121465 12.946 -100.00 -100.00 -100.00
 270    30.283 57335.36809915 30.42  90.343092  26.123902 14.774 -100.00 -100.00 -100.00
 271    29.182 57345.28374414 31.22  90.339907  26.115878 15.786 -100.00 -100.00 -100.00
 271    28.460 57345.28374473 32.42  90.341061  26.118314 18.565 -100.00 -100.00 -100.00
 271    29.298 57345.28374532 31.72  90.342216  26.120751 16.450 -100.00 -100.00 -100.00
 271    29.454 57345.28374591 32.43  90.343371  26.123188 17.960 -100.00 -100.00 -100.00
 272    34.665 57355.19939194 25.99  90.339769  26.114354 10.356 -100.00 -100.00 -100.00
 272    33.673 57355.19939253 26.77  90.340924  26.116791 12.332 -100.00 -100.00 -100.00
 272    29.199 57355.19939312 27.45  90.342079  26.119228 14.956 -100.00 -100.00 -100.00
 272    29.348 57355.19939371 31.54  90.343234  26.121665 25.634 -100.00 -100.00 -100.00
 272    29.856 57355.19939430 32.88  90.344388  26.124102 26.174 -100.00 -100.00 -100.00
 273    33.561 57365.11503639 30.19  90.341225  26.115222 11.214 -100.00 -100.00 -100.00
 273    28.615 57365.11503698 31.49  90.342380  26.117659 12.233 -100.00 -100.00 -100.00
 273    29.468 57365.11503757 31.74  90.343534  26.120095 13.727 -100.00 -100.00 -100.00
 273    29.470 57365.11503816 37.73  90.344689  26.122532 30.799 -100.00 -100.00 -100.00
 273    29.832 57365.11503875 38.69  90.345844  26.124969 29.712 -100.00 -100.00 -100.00
 274    33.943 57375.03067708 29.01  90.342230  26.115498  9.119 -100.00 -100.00 -100.00
 274    28.279 57375.03067767 30.95  90.343385  26.117935 14.094 -100.00 -100.00 -100.00
 274    28.334 57375.03067826 37.18  90.344540  26.120371   -100 -100.00 -100.00 -100.00
 274    29.767 57375.03067885 38.02  90.345695  26.122808 29.288 -100.00 -100.00 -100.00
 275    28.351 57384.94631593 37.76  90.343888  26.116852   -100 -100.00 -100.00 -100.00
 275    29.713 57384.94631652 38.09  90.345043  26.119289 13.097 -100.00 -100.00 -100.00
 275    28.259 57384.94631711 42.13  90.346197  26.121726   -100 -100.00 -100.00 -100.00
 276    34.494 57394.86195357 34.33  90.345414  26.115452 23.172 -100.00 -100.00 -100.00
 276    29.381 57394.86195416 40.10  90.346569  26.117889 14.884 -100.00 -100.00 -100.00
 276    29.209 57394.86195475 40.19  90.347724  26.120326 16.766 -100.00 -100.00 -100.00
 277    34.469 57404.77759108 30.24  90.349700  26.116981 13.333 -100.00 -100.00 -100.00
 277    27.868 57404.77759167 45.53  90.350855  26.119418 23.254 -100.00 -100.00 -100.00
 278    27.660 57414.69323836 47.00  90.349707  26.116574 23.537 -100.00 -100.00 -100.00
 278    33.507 57414.69323895 30.93  90.350862  26.119011 18.032 -100.00 -100.00 -100.00
 278    28.084 57414.69323954 27.83  90.352016  26.121448 11.336 -100.00 -100.00 -100.00
 279    34.386 57424.60888911 38.99  90.346548  26.115539 28.852 -100.00 -100.00 -100.00
 279    28.218 57424.60888970 43.07  90.347703  26.117976 26.101 -100.00 -100.00 -100.00
 279    27.670 57424.60889029 42.15  90.348858  26.120413   -100 -100.00 -100.00 -100.00
 280    27.635 57434.52453744 39.10  90.342880  26.116318 28.922 -100.00 -100.00 -100.00
 280    28.312 57434.52453803 40.91  90.344035  26.118755 20.852 -100.00 -100.00 -100.00
 280    27.749 57434.52453862 42.07  90.345190  26.121192   -100 -100.00 -100.00 -100.00
 280    27.768 57434.52453921 36.81  90.346345  26.123629 20.563 -100.00 -100.00 -100.00
 281    34.036 57444.44018356 26.31  90.338605  26.114330  8.468 -100.00 -100.00 -100.00
 281    33.507 57444.44018415 26.40  90.339759  26.116768  8.596 -100.00 -100.00 -100.00
 281    33.307 57444.44018474 26.84  90.340914  26.119205  9.449 -100.00 -100.00 -100.00
 281    27.564 57444.44018533 34.05  90.342069  26.121642 31.599 -100.00 -100.00 -100.00
 281    27.784 57444.44018592 33.56  90.343224  26.124079 29.017 -100.00 -100.00 -100.00
 282    34.356 57454.35583011 21.83  90.338333  26.115646  6.468 -100.00 -100.00 -100.00
 282    33.950 57454.35583070 21.47  90.339488  26.118083  5.496 -100.00 -100.00 -100.00
 282    33.850 57454.35583129 20.67  90.340642  26.120520  4.599 -100.00 -100.00 -100.00
 282    33.127 57454.35583188 21.04  90.341797  26.122957  6.331 -100.00 -100.00 -100.00
 283    27.168 57464.27147437 33.60  90.339371  26.114138 16.247 -100.00 -100.00 -100.00
 283    28.165 57464.27147496 33.12  90.340526  26.116575 14.174 -100.00 -100.00 -100.00
 283    28.120 57464.27147555 33.36  90.341680  26.119013 15.479 -100.00 -100.00 -100.00
 283    28.361 57464.27147614 40.19  90.342835  26.121450   -100 -100.00 -100.00 -100.00
 283    28.427 57464.27147673 40.08  90.343990  26.123887   -100 -100.00 -100.00 -100.00
 284    34.134 57474.18711614 27.24  90.345020  26.116925  7.464 -100.00 -100.00 -100.00
 284    28.409 57474.18711673 32.75  90.346175  26.119362 22.228 -100.00 -100.00 -100.00
 284    28.560 57474.18711732 29.93  90.347330  26.121800 14.359 -100.00 -100.00 -100.00
 286    32.982 57494.01838752 31.21  90.350226  26.117574 14.220 -100.00 -100.00 -100.00
 286    33.335 57494.01838811 33.09  90.351381  26.120011 18.261 -100.00 -100.00 -100.00
 287    34.850 57503.93401904 32.41  90.351396  26.116244 22.810 -100.00 -100.00 -100.00
 287    34.058 57503.93401963 30.53  90.352550  26.118681 21.471 -100.00 -100.00 -100.00
 288    34.988 57513.84967230 37.52  90.347256  26.115725 24.774 -100.00 -100.00 -100.00
 288    34.644 57513.84967289 34.86  90.348411  26.118162 17.562 -100.00 -100.00 -100.00
 288    31.941 57513.84967348 40.45  90.349565  26.120599   -100 -100.00 -100.00 -100.00
 289    31.221 57523.76532636 42.40  90.345841  26.116152   -100 -100.00 -100.00 -100.00
 289    33.817 57523.76532695 38.30  90.346996  26.118589 29.091 -100.00 -100.00 -100.00
 289    30.698 57523.76532754 43.87  90.348150  26.121026   -100 -100.00 -100.00 -100.00
 290    32.007 57533.68097813 44.03  90.345643  26.115875  2.145 -100.00 -100.00 -100.00
 290    32.180 57533.68097872 40.98  90.346798  26.118312   -100 -100.00 -100.00 -100.00
 290    32.174 57533.68097931 45.63  90.347953  26.120749 12.361 -100.00 -100.00 -100.00
 291    31.685 57543.59662673 46.51  90.344738  26.115291   -100 -100.00 -100.00 -100.00
 291    31.584 57543.59662732 49.78  90.345893  26.117727 15.150 -100.00 -100.00 -100.00
 291    31.743 57543.59662791 45.38  90.347048  26.120164   -100 -100.00 -100.00 -100.00
 292    32.246 57553.51227312 40.51  90.343353  26.115667 22.642 -100.00 -100.00 -100.00
 292    32.143 57553.51227371 36.19  90.344508  26.118104 11.259 -100.00 -100.00 -100.00
 292    32.215 57553.51227430 40.55  90.345662  26.120541 22.492 -100.00 -100.00 -100.00
 292    32.022 57553.51227489 45.36  90.346817  26.122978   -100 -100.00 -100.00 -100.00
 293    34.656 57563.42791809 35.69  90.341723  26.115504  7.417 -100.00 -100.00 -100.00
 293    34.461 57563.42791868 37.02  90.342878  26.117941 11.430 -100.00 -100.00 -100.00
 293    33.921 57563.42791927 37.46  90.344033  26.120378 12.203 -100.00 -100.00 -100.00
 293    34.171 57563.42791987 37.07  90.345188  26.122815  9.375 -100.00 -100.00 -100.00
 294    33.902 57573.34356304 41.01  90.341613  26.116368   -100 -100.00 -100.00 -100.00
 294    34.118 57573.34356364 35.05  90.342768  26.118805 15.158 -100.00 -100.00 -100.00
 294    34.198 57573.34356423 32.93  90.343922  26.121242 10.049 -100.00 -100.00 -100.00
 294    34.100 57573.34356482 37.25  90.345077  26.123679 18.881 -100.00 -100.00 -100.00
 295    34.374 57583.25920755 40.40  90.342202  26.115805 20.460 -100.00 -100.00 -100.00
 295    34.392 57583.25920814 35.72  90.343356  26.118242 11.947 -100.00 -100.00 -100.00
 295    34.174 57583.25920873 38.76  90.344511  26.120679 19.288 -100.00 -100.00 -100.00
 295    34.200 57583.25920932 41.22  90.345666  26.123116 26.297 -100.00 -100.00 -100.00
 296    35.073 57593.17485036 34.31  90.343875  26.115936 16.794 -100.00 -100.00 -100.00
 296    34.840 57593.17485095 32.85  90.345029  26.118372 14.024 -100.00 -100.00 -100.00
 296    34.781 57593.17485154 32.13  90.346184  26.120809 12.290 -100.00 -100.00 -100.00
 296    34.655 57593.17485214 36.26  90.347339  26.123246 24.953 -100.00 -100.00 -100.00
 297    34.904 57603.09049101 35.51  90.345535  26.117598  8.184 -100.00 -100.00 -100.00
 297    34.173 57603.09049160 38.92  90.346690  26.120035 15.734 -100.00 -100.00 -100.00
 297    34.312 57603.09049219 41.76  90.347845  26.122472 22.388 -100.00 -100.00 -100.00
