#   29.320  -0.198   1.035 ;Mean Elev.(m), Avg Gradient(m/km), RMS Gradient(m/km) - SRTM1     
#   24.463  -0.322   1.231 ;Mean Elev.(m), Avg Gradient(m/km), RMS Gradient(m/km) - ASTER GDEM
#   28.802  -0.530   2.720 ;Mean Elev.(m), Avg Gradient(m/km), RMS Gradient(m/km) - GMTED2010 
   3  90.345679  26.118405   -54.473   -54.416  3 54687.89137208  7.688
   4  90.347780  26.117933    34.318    34.269  3 54697.80701301 49.880
   5  90.350485  26.117958   -50.992   -51.007  3 54707.72265494 10.119
   7  90.348016  26.119888   -44.852   -44.843  3 54727.55395594  9.355
   8  90.344845  26.119891    89.029    87.919  4 54737.46960357  5.796
   9  90.341732  26.119762    96.138    96.622  5 54747.38525103 18.807
  10  90.339669  26.119023    31.321    31.337  4 54757.30089814 31.685
  11  90.340537  26.119030    95.449    95.332  4 54767.21654370 19.924
  12  90.343836  26.120560    30.705    30.756  4 54777.13218647 31.942
  13  90.345196  26.119042    29.763    29.801  4 54787.04782590 52.690
  14  90.345690  26.118145    29.340    29.297  3 54796.96346400 42.292
  15  90.347493  26.119366    29.016    28.978  3 54806.87910215 50.423
  16  90.349491  26.118590    28.886    28.974  3 54816.79473927 46.584
  17  90.348419  26.118711    28.676    28.724  3 54826.71038763 44.590
  18  90.345355  26.118778    28.540    28.551  3 54836.62602644 51.290
  19  90.341535  26.119264    28.403    28.401  5 54846.54167571 44.018
  20  90.339113  26.120314    28.125    28.126  4 54856.45732483 31.124
  21  90.337845  26.120891    27.941    27.939  4 54866.37297405 45.544
  22  90.337836  26.120869    27.841    27.832  4 54876.28862278 44.946
  23  90.338818  26.119757    27.890    27.798  5 54886.20426840 40.732
  24  90.339349  26.119219    32.665    33.429  5 54896.11991055 26.895
  25  90.339448  26.119713    28.342    28.364  5 54906.03554996 52.041
  26  90.340191  26.120514    28.399    28.397  4 54915.95118805 50.584
  27  90.340919  26.119319    33.284    33.678  4 54925.86682536 24.789
  28  90.344372  26.120428    29.385    29.397  4 54935.78246269 50.634
  29  90.348407  26.119615    30.220    30.267  3 54945.69809777 52.913
  30  90.352990  26.118329    30.318    30.307  3 54955.61373034 45.538
  31  90.351425  26.118266    31.967    31.967  2 54965.52937764 36.464
  32  90.348439  26.117950    31.446    30.047  3 54975.44502528 36.823
  33  90.346926  26.119790    31.327    31.350  3 54985.36067344 43.617
  35  90.345225  26.119316    32.326    31.622  4 55005.19196757 39.033
  36  90.344358  26.120071    33.928    33.950  4 55015.10761176 35.457
  37  90.342906  26.119995    33.701    33.692  4 55025.02325418 49.293
  38  90.341631  26.119506    32.624    32.630  5 55034.93889583 48.601
  39  90.342966  26.119281    33.781    33.777  4 55044.85453695 51.467
  40  90.347382  26.119654    33.501    33.553  3 55054.77017671 53.122
  41  90.350926  26.118078    34.360    34.360  2 55064.68581381 51.354
  42  90.349391  26.117895    33.810    33.658  3 55074.60146056 46.630
  43  90.346410  26.119869    33.583    34.219  3 55084.51710866 31.411
  44  90.342613  26.119152    34.264    34.586  4 55094.43275485 27.265
  45  90.341539  26.119576    32.085    32.079  4 55104.34840148 51.215
  46  90.341732  26.119439    31.607    31.624  4 55114.26404794 52.912
  47  90.343565  26.120194    31.097    31.169  4 55124.17969227 47.810
  48  90.344471  26.119148    30.146    30.146  4 55134.09533325 40.607
  49  90.345382  26.119627    29.379    29.317  3 55144.01097220 49.946
  50  90.345215  26.119105    29.172    29.192  4 55153.92660996 49.859
  51  90.346271  26.119254    29.229    29.171  3 55163.84224820 47.460
  52  90.348394  26.118949    28.806    28.806  2 55173.75788617 45.874
  53  90.351155  26.118797    28.962    28.962  2 55183.67352443 50.256
  54  90.347749  26.118823    28.514    28.514  2 55193.58917528 42.272
  55  90.343177  26.119118    28.202    28.191  4 55203.50482498 40.449
  56  90.339902  26.119651    28.215    28.111  5 55213.42047437 30.447
  57  90.338999  26.120019    27.875    27.874  4 55223.33612355 51.232
  58  90.339860  26.120044    27.681    27.676  5 55233.25177134 36.874
  59  90.342106  26.120021    27.691    27.705  5 55243.16741595 44.872
  60  90.341800  26.118805    27.633    27.677  5 55253.08305671 39.225
  61  90.340321  26.118713    27.908    27.914  4 55262.99869516 55.541
  62  90.339950  26.118884    28.443    28.442  5 55272.91433258 53.974
  63  90.342467  26.119265    29.913    28.467  4 55282.82996994 36.342
  64  90.347041  26.119197    30.665    30.661  3 55292.74560612 49.721
  65  90.351375  26.118821    30.974    30.974  2 55302.66124176 50.528
  66  90.349570  26.117869    34.804    35.004  3 55312.57688876 36.239
  67  90.347469  26.118358    34.208    34.538  3 55322.49253399 36.074
  68  90.345853  26.119912    34.738    34.689  3 55332.40817846 30.745
  69  90.344378  26.119633    33.367    33.366  4 55342.32382258 39.530
  70  90.344433  26.118721    32.709    32.703  4 55352.23946649 50.815
  71  90.346054  26.119622    33.397    33.388  3 55362.15510865 53.542
  72  90.346488  26.119728    33.766    33.686  3 55372.07074839 53.082
  73  90.346495  26.119561    34.333    34.333  3 55381.98638644 48.197
  74  90.346338  26.117873    34.454    34.428  3 55391.90202331 48.557
  75  90.349915  26.118858    34.290    34.173  3 55401.81765960 45.918
  76  90.349768  26.117920    33.499    33.527  3 55411.73330934 52.598
  77  90.349851  26.118874    32.805    32.833  3 55421.64895887 47.841
  78  90.347932  26.118238    33.652    33.543  3 55431.56460524 46.670
  79  90.345207  26.119897    34.057    34.037  4 55441.48025010 44.524
  80  90.342634  26.119734    34.485    34.443  5 55451.39589331 49.168
  81  90.342762  26.119534    34.066    34.068  5 55461.31153615 51.863
  82  90.345176  26.118846    33.275    33.231  4 55471.22717775 45.963
  83  90.348794  26.119686    33.507    33.843  3 55481.14281680 34.171
  84  90.350509  26.118633    31.171    31.110  3 55491.05845274 39.013
  85  90.351539  26.118247    30.952    30.952  2 55500.97408654 48.864
  86  90.350013  26.119451    29.887    29.941  3 55510.88972955 50.384
  87  90.346469  26.118437    29.322    29.282  3 55520.80537852 38.731
  88  90.345208  26.118811    29.185    29.174  3 55530.72102685 51.118
  89  90.345187  26.119911    28.913    28.915  4 55540.63667392 48.084
  90  90.344201  26.119422    28.705    28.713  4 55550.55231858 46.141
  91  90.342715  26.120255    28.406    28.448  5 55560.46796207 43.886
  92  90.341320  26.119084    28.196    28.101  5 55570.38360449 46.891
  93  90.342806  26.119763    28.030    28.041  4 55580.29924657 45.061
  94  90.345447  26.118418    27.658    27.691  3 55590.21488550 42.660
  95  90.350184  26.119175    27.869    27.887  3 55600.13052179 49.424
  96  90.352590  26.118073    27.894    27.904  3 55610.04615498 45.241
  98  90.349905  26.119296    27.804    27.778  3 55629.87743682 50.842
  99  90.347686  26.119077    34.298    34.364  3 55639.79308707 35.244
 100  90.347715  26.118385    30.014    29.987  3 55649.70873502 48.684
 101  90.348931  26.119544    33.995    34.092  3 55659.62438020 25.576
 102  90.347747  26.118009    29.505    29.514  3 55669.54002117 46.160
 103  90.347266  26.118935    30.777    30.848  3 55679.45566082 44.919
 104  90.347434  26.118610    30.966    30.982  3 55689.37129851 50.394
 105  90.348904  26.117999    30.537    30.553  3 55699.28693479 51.246
 106  90.351461  26.118876    34.858    34.858  2 55709.20257332 29.276
 107  90.348710  26.117814    34.970    35.060  3 55719.11822348 37.577
 108  90.346119  26.117871    34.946    34.907  3 55729.03387133 32.085
 109  90.344906  26.119132    32.613    32.625  3 55738.94951794 49.864
 110  90.343798  26.118786    34.443    34.464  4 55748.86516289 30.668
 111  90.344767  26.119111    33.953    33.942  4 55758.78080580 45.646
 112  90.346914  26.118786    34.170    34.172  3 55768.69644595 54.545
 113  90.349569  26.118545    33.770    33.770  2 55778.61208309 53.797
 114  90.352207  26.119123    34.096    34.096  2 55788.52771807 37.364
 115  90.353212  26.117749    33.787    33.787  2 55798.44335147 43.575
 116  90.351519  26.118296    32.033    32.033  2 55808.35899675 46.558
 117  90.349930  26.118612    32.093    32.088  3 55818.27464606 43.622
 118  90.350593  26.118346    34.072    34.072  2 55828.19029145 34.424
 119  90.351602  26.117614    33.522    33.522  2 55838.10593231 34.932
 120  90.352578  26.118500    30.832    30.801  3 55848.02157024 44.063
 121  90.352647  26.117692    30.442    30.442  2 55857.93720532 45.626
 122  90.350429  26.118336    29.934    29.934  2 55867.85285121 47.915
 123  90.348177  26.119248    29.357    29.357  3 55877.76850283 38.705
 124  90.347489  26.118449    29.039    29.006  3 55887.68414782 48.784
 125  90.348576  26.118583    28.660    28.709  3 55897.59978758 47.315
 126  90.350786  26.118399    28.551    28.520  3 55907.51542250 45.446
 127  90.348434  26.118428    30.253    28.273  3 55917.43106941 35.126
 128  90.345639  26.119560    28.074    28.057  4 55927.34672309 38.727
 129  90.344692  26.119681    27.945    27.928  3 55937.26237334 43.002
 130  90.344802  26.119321    27.717    27.700  3 55947.17801859 33.138
 131  90.345629  26.119415    27.948    27.904  4 55957.09365930 45.570
 132  90.345774  26.118174    27.616    27.646  3 55967.00929692 36.656
 133  90.347423  26.119772    27.766    27.785  3 55976.92493403 46.906
 134  90.349323  26.118709    27.971    27.971  2 55986.84056981 48.260
 135  90.352558  26.118876    28.268    28.268  2 55996.75620748 46.781
 136  90.350645  26.118005    28.499    28.383  3 56006.67185826 47.132
 137  90.349355  26.118930    28.693    28.531  3 56016.58750546 47.243
 138  90.346218  26.118214    30.803    29.083  3 56026.50314944 30.984
 139  90.345018  26.120162    29.436    29.416  4 56036.41879268 32.501
 140  90.345420  26.119738    30.988    31.037  3 56046.33443368 43.606
 141  90.346791  26.117876    31.317    31.241  3 56056.25007164 44.948
 142  90.351195  26.118923    31.405    31.405  2 56066.16570623 41.755
 143  90.349411  26.118958    31.666    31.666  2 56076.08135305 47.826
 144  90.345901  26.119256    33.762    33.749  4 56085.99700177 48.256
 145  90.344591  26.119678    33.595    33.644  3 56095.91264814 55.566
 146  90.345345  26.119425    35.181    35.206  4 56105.82829239 31.575
 147  90.347029  26.118226    34.017    34.031  3 56115.74392206 54.249
 148  90.349987  26.118662    81.739    81.739  2 56125.65956007 21.499
 149  90.352093  26.117790    34.775    34.775  2 56135.57519392 36.276
 150  90.351520  26.118937    33.868    33.868  2 56145.49083633 47.534
 151  90.348602  26.119147    33.301    32.773  3 56155.40648621 37.115
 152  90.346961  26.119006    34.463    34.481  3 56165.32213524 31.396
 153  90.347534  26.119969    33.429    33.323  3 56175.23778247 48.415
 154  90.348569  26.119118    34.998    34.975  3 56185.15342426 29.826
 155  90.349058  26.118118    35.066    35.086  3 56195.06906205 44.875
 156  90.349925  26.119347    33.557    33.499  3 56204.98469718 51.101
 157  90.350804  26.118765    32.895    32.895  2 56214.90033024 52.233
 158  90.352469  26.118540    31.696    31.696  2 56224.81596726 46.143
 159  90.349969  26.118031    30.547    30.569  3 56234.73162239 50.296
 160  90.349054  26.119704    30.233    30.306  3 56244.64727424 51.349
 161  90.346967  26.119398    29.657    29.665  3 56254.56292078 49.945
 162  90.345241  26.119050    29.259    29.310  3 56264.47856341 48.886
 163  90.344887  26.119360    29.286    29.336  4 56274.39420470 47.758
 164  90.345430  26.119384    28.744    28.681  4 56284.30984979 34.048
 165  90.345118  26.118856    28.964    28.809  3 56294.22550122 46.729
 166  90.345281  26.119440    28.248    28.247  4 56304.14114855 37.924
 167  90.344387  26.119661    28.493    28.587  4 56314.05679161 46.299
 168  90.343146  26.119283    28.379    28.351  4 56323.97243217 43.098
 169  90.344248  26.120496    27.893    27.816  4 56333.88807236 39.543
 170  90.346472  26.119365    28.096    28.045  3 56343.80371148 43.699
 171  90.350415  26.119001    27.845    27.825  3 56353.71934862 46.638
 172  90.350825  26.118283    28.399    28.399  2 56363.63499143 46.062
 173  90.348046  26.119612    27.935    27.930  3 56373.55064030 33.542
 175  90.341891  26.120201    28.976    29.144  5 56393.38193044 41.327
 176  90.342694  26.119811    29.605    29.932  4 56403.29757302 33.167
 177  90.345668  26.119944    33.747    33.707  4 56413.21321301 29.431
 178  90.349303  26.118083    34.880    34.898  3 56423.12884757 34.835
 179  90.348848  26.117859    31.551    31.551  3 56433.04449064 52.034
 180  90.344755  26.119730    34.487    34.575  3 56442.96014277 28.841
 181  90.341564  26.119587    32.002    31.969  4 56452.87579191 53.349
 182  90.341677  26.119409    31.583    31.544  5 56462.79143871 50.882
 183  90.344361  26.120600    32.769    32.779  4 56472.70708272 48.180
 184  90.346078  26.118373    34.196    34.201  3 56482.62272262 47.719
 185  90.347836  26.119002    33.923    33.916  3 56492.53835973 48.501
 186  90.349173  26.118964    33.932    33.932  3 56502.45399448 51.721
 187  90.352077  26.118753    33.966    34.123  3 56512.36962794 38.781
 188  90.351639  26.118392    34.715    34.715  2 56522.28527560 31.229
 189  90.350278  26.118933    32.496    32.520  3 56532.20092850 45.526
 191  90.347190  26.119943    33.010    32.961  3 56552.03222250 45.135
 192  90.344908  26.120365    31.901    31.894  4 56561.94786498 42.457
 193  90.343253  26.119054    34.126    34.336  4 56571.86350586 29.069
 194  90.345149  26.119442    32.885    32.800  4 56581.77914566 32.350
 195  90.350423  26.119500    31.140    30.976  3 56591.69478143 52.403
 196  90.349390  26.118151    31.076    31.050  3 56601.61043038 49.861
 197  90.347151  26.119385    30.198    29.843  3 56611.52608026 50.464
 198  90.344723  26.119337    29.477    29.427  4 56621.44172556 49.155
 199  90.344076  26.119952    29.145    29.132  4 56631.35736829 44.626
 200  90.346592  26.119781    28.739    28.770  3 56641.27300722 40.165
 201  90.347722  26.119951    28.855    28.666  3 56651.18865583 36.876
 202  90.346137  26.118615    29.137    29.211  3 56661.10430601 42.053
 203  90.344368  26.118724    28.567    28.627  4 56671.01995295 39.338
 204  90.342821  26.119781    28.803    28.755  4 56680.93559786 44.290
 205  90.342680  26.119314    28.186    28.071  5 56690.85124057 33.759
 206  90.345841  26.119976    27.741    27.748  3 56700.76688026 41.061
 207  90.349806  26.118712    30.672    30.672  2 56710.68251489 41.496
 208  90.349753  26.118976    27.812    27.812  2 56720.59815773 46.881
 210  90.341520  26.119516    28.231    28.361  5 56740.42945731 45.426
 211  90.340264  26.119470    28.080    28.032  5 56750.34510141 35.070
 212  90.343061  26.119848    28.782    28.663  4 56760.26074101 37.514
 213  90.347815  26.118328    28.585    28.573  3 56770.17637388 36.733
 214  90.346684  26.120022    28.806    28.806  3 56780.09202605 32.925
 215  90.342551  26.119839    34.218    34.394  4 56790.00768069 33.578
 216  90.338870  26.120624    33.756    33.745  4 56799.92333214 25.369
 217  90.337749  26.120442    31.317    31.314  4 56809.83897698 54.614
 218  90.339278  26.118997    31.989    31.978  5 56819.75461664 47.736
 219  90.344392  26.120313    34.771    35.001  4 56829.67025337 29.253
 221  90.352321  26.118644    33.474    33.474  2 56849.50151996 51.218
 222  90.347433  26.118362    34.632    34.864  3 56859.41717415 38.435
 223  90.344866  26.120259    33.443    33.448  4 56869.33282820 42.032
 224  90.343068  26.119872    33.255    33.257  5 56879.24847952 40.171
 225  90.342322  26.119788    34.757    34.719  4 56889.16412751 44.716
 226  90.341232  26.119570    35.015    35.041  5 56899.07977255 49.654
 227  90.339463  26.119645    33.211    33.210  4 56908.99541508 46.073
 228  90.338848  26.119481    32.519    32.499  4 56918.91105565 36.895
 229  90.340684  26.119294    33.710    33.680  5 56928.82669430 53.046
 230  90.345568  26.120024    32.048    32.059  4 56938.74232905 54.220
 231  90.349891  26.118874    30.881    30.881  2 56948.65796355 41.337
 232  90.347179  26.118701    30.415    30.453  3 56958.57361620 48.278
 233  90.345106  26.119608    29.695    29.686  4 56968.48926411 38.838
 234  90.344135  26.119352    29.263    29.323  4 56978.40490816 41.536
 235  90.345369  26.119069    31.017    29.530  3 56988.32054803 29.571
 236  90.349813  26.118734    34.253    34.253  2 56998.23618203 28.166
 237  90.349412  26.118932    31.598    31.598  2 57008.15183171 29.640
 238  90.347094  26.119364    30.684    28.925  3 57018.06748502 34.782
 239  90.344731  26.119445    28.897    28.713  4 57027.98313471 38.389
 240  90.343161  26.119848    28.477    28.519  4 57037.89878257 36.264
 241  90.342960  26.119332    29.545    28.729  5 57047.81442777 34.895
 242  90.344805  26.118871    28.823    27.797  4 57057.73006940 38.771
 243  90.347185  26.117717    27.864    27.879  3 57067.64570543 44.199
 244  90.350017  26.118820    27.727    27.727  2 57077.56133783 48.345
 245  90.351511  26.118014    34.257    34.253  3 57087.47697027 31.870
 246  90.345819  26.118508    34.382    34.406  3 57097.39262879 25.266
 247  90.342836  26.119692    28.180    28.192  4 57107.30828484 32.470
 248  90.342379  26.119277    32.362    33.542  5 57117.22393584 32.663
 249  90.343115  26.119241    30.404    30.409  4 57127.13958069 46.014
 250  90.344653  26.120587    32.390    32.304  4 57137.05522027 35.696
 251  90.346192  26.119560    32.528    33.500  3 57146.97085515 35.882
 252  90.349174  26.118297    34.798    35.102  3 57156.88648751 36.182
 253  90.350429  26.118941    33.854    33.854  2 57166.80213156 38.776
 254  90.347921  26.119213    33.633    33.871  3 57176.71778738 41.769
 255  90.345920  26.118563    34.286    34.278  3 57186.63343917 40.835
 256  90.344951  26.119130    33.799    33.796  3 57196.54908733 45.540
 257  90.344180  26.120122    33.917    33.820  4 57206.46472220 34.851
 258  90.343607  26.120187    34.167    34.338  4 57216.38036741 31.936
 259  90.344878  26.120730    32.717    32.731  4 57226.29601177 44.143
 260  90.346179  26.119483    31.994    31.988  3 57236.21165371 47.147
 261  90.348015  26.119551    33.251    32.754  3 57246.12729243 39.555
 262  90.348917  26.119232    34.796    34.793  3 57256.04292822 47.980
 263  90.349539  26.118927    34.360    34.360  2 57265.95856259 46.115
 264  90.349076  26.118740    34.172    34.172  2 57275.87420597 54.150
 265  90.347067  26.119230    33.031    32.975  3 57285.78986254 51.857
 266  90.346294  26.119968    33.618    33.623  3 57295.70551641 55.363
 267  90.345242  26.119997    31.596    31.478  4 57305.62116657 49.993
 268  90.342871  26.119499    30.768    30.808  4 57315.53681286 42.438
 269  90.340536  26.119128    29.789    29.822  4 57325.45245617 36.916
 270  90.340782  26.119028    31.450    31.002  5 57335.36809797 28.805
 271  90.341639  26.119533    29.098    29.240  4 57345.28374502 31.977
 272  90.342079  26.119228    31.348    30.278  5 57355.19939312 29.818
 273  90.343534  26.120095    30.189    29.336  5 57365.11503757 35.384
 274  90.343962  26.119153    30.081    29.050  4 57375.03067797 35.316
 275  90.345043  26.119289    28.775    28.351  3 57384.94631652 39.814
 276  90.346569  26.117889    31.028    29.381  3 57394.86195416 38.919
 277  90.350278  26.118199    31.168    31.168  2 57404.77759137 42.646
 278  90.350862  26.119011    29.750    28.084  3 57414.69323895 42.386
 279  90.347703  26.117976    30.091    28.218  3 57424.60888970 41.723
 280  90.344612  26.119973    27.866    27.759  4 57434.52453832 40.146
 281  90.340914  26.119205    31.239    30.912  5 57444.44018474 30.905
 282  90.340065  26.119301    33.821    33.900  4 57454.35583099 21.274
 283  90.341680  26.119013    28.048    28.206  5 57464.27147555 37.347
 284  90.346175  26.119362    30.368    28.560  3 57474.18711673 30.540
 286  90.350803  26.118792    33.158    33.158  2 57494.01838781 32.251
 287  90.351973  26.117462    34.454    34.454  2 57503.93401933 31.571
 288  90.348411  26.118162    33.857    34.644  3 57513.84967289 38.196
 289  90.346996  26.118589    31.912    31.221  3 57523.76532695 42.088
 290  90.346798  26.118312    32.120    32.174  3 57533.68097872 43.944
 291  90.345893  26.117727    31.671    31.685  3 57543.59662732 47.643
 292  90.345085  26.119322    32.156    32.179  4 57553.51227400 41.841
 293  90.343456  26.119159    34.302    34.316  4 57563.42791898 36.859
 294  90.343345  26.120023    34.079    34.109  4 57573.34356393 37.614
 295  90.343934  26.119460    34.285    34.287  4 57583.25920844 39.476
 296  90.345607  26.119591    34.837    34.811  4 57593.17485125 34.185
 297  90.346690  26.120035    34.463    34.312  3 57603.09049160 39.437
