-254813.149   -15.193     0.00    1.84
-254525.406   -14.927     0.93    1.91
-254237.650   -14.673     0.88    1.82
-253949.882   -14.590     0.29    1.71
-253662.103   -14.447     0.50    1.67
-253374.312   -14.263     0.64    1.79
-253086.508   -14.114     0.52    1.83
-252798.693   -14.270    -0.54    1.80
-252510.865   -14.479    -0.72    2.02
-252223.026   -14.544    -0.23    2.12
-251935.175   -14.499     0.16    2.05
-251647.312   -14.624    -0.44    1.80
-251359.436   -14.692    -0.24    1.90
-251071.549   -14.617     0.26    1.86
-250783.650   -14.602     0.05    1.95
-250495.739   -14.599     0.01    2.12
-250207.816   -14.186     1.43    2.23
-249919.881   -13.752     1.51    2.20
-249631.934   -13.453     1.04    2.24
-249343.975   -13.369     0.29    2.41
-249056.004   -13.605    -0.82    2.54
-248768.021   -13.876    -0.94    2.37
-248480.026   -14.302    -1.48    2.35
-248192.019   -15.031    -2.53    1.99
-247904.000   -15.832    -2.78    1.75
-247615.969   -16.567    -2.55    1.92
-247327.926   -17.356    -2.74    2.41
-247039.871   -17.832    -1.66    2.54
-246751.804   -18.364    -1.85    2.38
-246463.725   -18.706    -1.19    2.29
-246175.634   -19.024    -1.10    2.02
-245887.531   -19.302    -0.96    1.89
-245599.415   -19.180     0.42    1.65
-245311.288   -19.135     0.16    1.52
-245023.149   -19.186    -0.18    1.40
-244734.998   -19.217    -0.11    1.40
-244446.835   -19.212     0.02    1.49
-244158.660   -19.048     0.57    1.40
-243870.473   -19.036     0.04    1.44
-243582.273   -18.908     0.45    1.46
-243294.062   -18.802     0.37    1.48
-243005.839   -18.287     1.79    1.75
-242717.604   -17.818     1.63    2.20
-242429.356   -17.696     0.42    2.08
-242141.097   -17.818    -0.42    2.18
-241852.825   -17.909    -0.32    2.24
-241564.542   -17.923    -0.05    2.21
-241276.246   -18.067    -0.50    1.99
-240987.939   -18.270    -0.70    1.72
-240699.619   -18.484    -0.74    1.53
-240411.287   -18.484     0.00    1.56
-240122.943   -18.544    -0.21    1.60
-239834.588   -18.380     0.57    1.55
-239546.220   -18.586    -0.72    1.63
-239257.840   -18.442     0.50    1.74
-238969.448   -18.611    -0.59    1.59
-238681.044   -18.514     0.34    1.61
-238392.627   -18.350     0.57    1.67
-238104.199   -18.232     0.41    1.71
-237815.759   -17.936     1.03    1.89
-237527.306   -17.544     1.36    2.15
-237238.842   -17.130     1.44    2.40
-236950.365   -16.525     2.10    2.29
-236661.877   -16.418     0.37    2.21
-236373.376   -15.786     2.19    2.45
-236084.863   -15.468     1.10    2.32
-235796.338   -15.362     0.37    2.17
-235507.801   -15.186     0.61    2.18
-235219.252   -15.248    -0.21    2.31
-234930.691   -15.576    -1.14    2.29
-234642.117   -15.989    -1.43    2.24
-234353.532   -16.691    -2.43    2.11
-234064.934   -17.109    -1.45    1.84
-233776.325   -17.317    -0.72    1.75
-233487.703   -17.302     0.05    1.78
-233199.069   -17.140     0.56    2.00
-232910.423   -17.015     0.43    2.10
-232621.765   -16.463     1.91    1.96
-232333.094   -16.463     0.00    2.02
-232044.412   -16.235     0.79    2.06
-231755.718   -16.211     0.08    2.08
-231467.011   -16.180     0.10    1.96
-231178.292   -16.235    -0.19    1.99
-230889.561   -16.286    -0.18    1.98
-230600.818   -16.270     0.05    1.94
-230312.063   -16.067     0.70    1.75
-230023.296   -16.232    -0.57    1.84
-229734.516   -16.145     0.30    2.06
-229445.725   -16.278    -0.46    2.10
-229156.921   -16.832    -1.92    2.05
-228868.105   -17.205    -1.29    1.65
-228579.277   -17.432    -0.79    1.68
-228290.437   -17.740    -1.07    1.61
-228001.584   -17.956    -0.75    1.59
-227712.720   -18.017    -0.21    1.70
-227423.843   -18.334    -1.10    1.77
-227134.954   -18.059     0.95    1.88
-226846.053   -18.262    -0.70    1.94
-226557.140   -18.192     0.24    2.07
-226268.215   -18.156     0.13    2.24
-225979.277   -18.063     0.32    2.32
-225690.327   -17.911     0.53    2.26
-225401.365   -17.677     0.81    2.24
-225112.391   -17.718    -0.14    2.16
-224823.405   -17.544     0.60    1.96
-224534.407   -17.650    -0.37    1.99
-224245.396   -17.682    -0.11    1.91
-223956.373   -17.632     0.17    2.06
-223667.338   -17.448     0.64    2.34
-223378.291   -17.195     0.87    2.00
-223089.231   -16.923     0.94    1.93
-222800.160   -16.663     0.90    1.98
-222511.076   -16.529     0.46    1.93
-222221.980   -16.630    -0.35    1.98
-221932.872   -16.786    -0.54    1.84
-221643.751   -16.771     0.05    1.86
-221354.619   -16.705     0.23    1.96
-221065.474   -16.942    -0.82    1.82
-220776.317   -16.802     0.49    1.92
-220487.147   -16.786     0.05    1.92
-220197.966   -16.509     0.96    1.84
-219908.772   -16.340     0.59    1.88
-219619.566   -16.452    -0.39    1.82
-219330.348   -16.302     0.52    2.20
-219041.118   -16.429    -0.44    2.12
-218751.875   -16.544    -0.40    2.19
-218462.620   -16.742    -0.68    2.19
-218173.353   -16.505     0.82    2.19
-217884.073   -16.425     0.28    2.08
-217594.782   -16.556    -0.45    1.94
-217305.478   -16.270     0.99    2.04
-217016.162   -15.925     1.19    2.23
-216726.834   -15.540     1.33    2.22
-216437.493   -15.442     0.34    2.13
-216148.140   -15.516    -0.25    2.05
-215858.775   -15.627    -0.38    1.92
-215569.398   -15.787    -0.55    1.86
-215280.008   -16.017    -0.80    1.61
-214990.606   -16.175    -0.55    1.70
-214701.192   -16.150     0.09    1.81
-214411.765   -16.020     0.45    1.91
-214122.327   -15.885     0.47    1.86
-213832.876   -15.663     0.77    1.94
-213543.412   -15.458     0.71    2.20
-213253.937   -15.044     1.43    2.37
-212964.449   -14.846     0.68    2.27
-212674.949   -15.002    -0.54    2.35
-212385.436   -14.933     0.24    2.28
-212095.912   -15.074    -0.49    2.25
-211806.375   -15.072     0.01    2.14
-211516.826   -15.286    -0.74    2.02
-211227.264   -15.402    -0.40    1.97
-210937.690   -15.294     0.37    2.09
-210648.104   -15.103     0.66    2.05
-210358.505   -15.389    -0.99    2.08
-210068.895   -15.442    -0.18    2.07
-209779.272   -15.332     0.38    2.03
-209489.636   -15.544    -0.73    2.03
-209199.989   -15.578    -0.12    2.09
-208910.329   -15.599    -0.07    2.25
-208620.656   -15.452     0.51    2.28
-208330.972   -15.386     0.23    2.30
-208041.275   -15.488    -0.35    2.39
-207751.565   -15.503    -0.05    2.28
-207461.844   -15.211     1.01    2.09
-207172.110   -14.971     0.83    2.09
-206882.363   -14.479     1.70    2.16
-206592.605   -14.135     1.19    2.32
-206302.834   -13.818     1.10    2.26
-206013.051   -13.583     0.81    2.30
-205723.255   -13.509     0.25    2.38
-205433.447   -13.614    -0.36    2.31
-205143.627   -13.389     0.78    2.14
-204853.794   -13.119     0.93    2.08
-204563.949   -13.114     0.02    2.00
-204274.092   -13.165    -0.18    1.97
-203984.222   -13.287    -0.42    2.11
-203694.340   -13.324    -0.13    2.26
-203404.445   -13.340    -0.06    2.28
-203114.539   -13.518    -0.61    2.55
-202824.619   -13.709    -0.66    2.52
-202534.688   -13.740    -0.11    2.82
-202247.267   -13.846    -0.37    3.01
-201959.969   -14.248    -1.40    3.09
-201672.658   -14.602    -1.23    2.90
-201385.336   -15.092    -1.71    2.57
-201098.002   -15.347    -0.89    2.47
-200810.655   -15.495    -0.52    2.76
-200523.297   -15.722    -0.79    2.62
-200235.926   -15.925    -0.70    2.34
-199948.543   -15.894     0.11    2.30
-199661.148   -15.974    -0.28    2.29
-199373.741   -15.689     0.99    2.37
-199086.322   -15.484     0.71    2.25
-198798.890   -15.237     0.86    1.89
-198511.447   -14.989     0.86    2.02
-198223.991   -14.680     1.07    2.15
-197936.523   -14.574     0.37    2.24
-197649.043   -14.630    -0.19    2.64
-197361.551   -14.648    -0.06    2.63
-197074.047   -14.452     0.68    2.71
-196786.531   -14.317     0.47    2.65
-196499.002   -14.414    -0.33    2.42
-196211.461   -14.294     0.42    2.46
-195923.908   -14.070     0.78    2.51
-195636.343   -13.650     1.46    2.19
-195348.766   -13.479     0.59    2.22
-195061.177   -13.140     1.18    2.10
-194773.575   -13.024     0.40    1.92
-194485.961   -12.635     1.35    1.88
-194198.335   -12.726    -0.32    1.98
-193910.697   -12.432     1.02    2.15
-193623.047   -12.196     0.82    2.22
-193335.385   -12.221    -0.09    2.32
-193047.710   -12.302    -0.28    2.45
-192760.023   -12.380    -0.27    2.56
-192472.324   -12.347     0.11    2.62
-192184.613   -12.325     0.08    2.57
-191896.889   -12.287     0.13    2.42
-191609.154   -12.072     0.75    2.09
-191321.406   -12.083    -0.04    2.07
-191033.646   -11.850     0.81    2.46
-190745.874   -11.740     0.38    2.55
-190458.089   -11.832    -0.32    2.78
-190170.293   -12.145    -1.09    2.86
-189882.484   -12.224    -0.27    2.79
-189594.663   -12.048     0.61    2.96
-189306.830   -12.325    -0.96    3.07
-189018.984   -12.657    -1.15    2.82
-188731.127   -12.864    -0.72    2.58
-188443.257   -12.771     0.32    2.71
-188155.375   -12.442     1.14    2.75
-187867.480   -12.294     0.52    2.55
-187579.574   -12.150     0.50    2.66
-187291.655   -11.785     1.27    2.68
-187003.724   -11.617     0.58    2.59
-186715.780   -11.429     0.65    2.67
-186427.825   -11.605    -0.61    2.41
-186139.857   -11.981    -1.31    2.50
-185851.877   -12.479    -1.73    2.54
-185563.885   -12.982    -1.75    2.40
-185275.880   -13.408    -1.48    2.28
-184987.864   -13.564    -0.54    2.30
-184699.835   -13.427     0.48    2.26
-184411.793   -12.971     1.58    2.44
-184123.740   -12.567     1.40    2.58
-183835.674   -12.382     0.64    2.41
-183547.596   -12.373     0.03    2.49
-183259.506   -12.294     0.27    2.69
-182971.403   -12.079     0.75    2.88
-182683.288   -12.232    -0.53    2.83
-182395.161   -12.620    -1.34    2.59
-182107.022   -12.463     0.54    2.53
-181818.870   -12.511    -0.17    2.43
-181530.706   -12.536    -0.09    2.28
-181242.530   -12.567    -0.11    2.00
-180954.341   -12.741    -0.60    2.13
-180666.141   -12.756    -0.05    2.18
-180377.927   -12.680     0.26    2.17
-180089.702   -12.722    -0.15    2.00
-179801.464   -12.393     1.14    2.34
-179513.214   -12.237     0.54    2.41
-179224.952   -11.817     1.46    2.39
-178936.678   -11.417     1.39    2.32
-178648.391   -11.474    -0.20    2.20
-178360.092   -11.427     0.16    2.25
-178071.780   -11.511    -0.29    2.32
-177783.456   -11.438     0.25    2.27
-177495.120   -11.640    -0.70    2.72
-177206.772   -12.109    -1.63    2.95
-176918.411   -12.468    -1.24    3.09
-176630.038   -12.473    -0.02    3.08
-176341.653   -12.220     0.88    2.99
-176053.255   -12.356    -0.47    2.88
-175764.845   -12.718    -1.26    2.82
-175476.423   -13.614    -3.11    3.68
-175187.988   -14.891    -4.43    4.17
-174899.541   -15.921    -3.57    4.38
-174611.082   -16.417    -1.72    4.34
-174322.610   -17.070    -2.26    4.15
-174034.126   -16.976     0.33    4.15
-173745.629   -16.691     0.99    3.91
-173457.121   -15.927     2.65    3.80
-173168.600   -14.894     3.58    3.79
-172880.066   -14.468     1.47    3.46
-172591.521   -14.605    -0.47    3.29
-172302.962   -14.694    -0.31    3.43
-172014.392   -14.702    -0.03    3.39
-171725.809   -14.940    -0.83    3.40
-171437.214   -15.175    -0.81    3.59
-171148.606   -15.665    -1.70    3.54
-170859.986   -16.302    -2.20    3.52
-170571.354   -16.894    -2.05    3.60
-170282.709   -17.398    -1.75    3.58
-169994.052   -17.741    -1.19    3.35
-169705.383   -18.246    -1.75    3.07
-169416.701   -18.437    -0.66    2.89
-169128.007   -18.605    -0.58    2.49
-168839.300   -18.971    -1.27    1.53
-168550.581   -18.333     2.21    2.25
-168261.850   -17.786     1.89    2.69
-167973.106   -16.925     2.98    3.24
-167684.350   -15.989     3.24    3.84
-167395.582   -15.202     2.73    4.18
-167106.801   -14.226     3.38    4.11
-166818.007   -13.408     2.83    3.70
-166529.202   -13.076     1.15    3.55
-166240.384   -13.270    -0.67    4.02
-165951.553   -13.995    -2.51    4.04
-165662.710   -14.499    -1.74    4.50
-165373.855   -15.125    -2.17    4.43
-165084.987   -15.771    -2.24    4.52
-164796.107   -16.532    -2.63    4.37
-164507.214   -16.648    -0.40    4.28
-164218.309   -16.659    -0.04    4.40
-163929.392   -16.427     0.80    4.08
-163640.462   -15.893     1.85    4.29
-163351.519   -15.017     3.03    4.23
-163062.565   -13.929     3.77    3.93
-162773.598   -13.221     2.45    3.28
-162484.618   -12.196     3.55    2.73
-162195.626   -11.302     3.09    1.86
-161906.621   -10.893     1.42    2.25
-161617.604   -10.740     0.53    2.56
-161328.575   -10.640     0.35    2.74
-161039.533   -10.709    -0.24    3.22
-160750.479   -10.663     0.16    3.17
-160461.412   -10.851    -0.65    3.04
-160172.333   -11.156    -1.05    2.68
-159883.241   -11.525    -1.28    2.56
-159594.137   -11.559    -0.12    2.42
-159305.021   -11.463     0.33    2.45
-159015.892   -11.380     0.29    2.06
-158726.750   -11.411    -0.11    2.04
-158437.596   -11.237     0.60    2.10
-158148.430   -11.417    -0.62    2.10
-157859.251   -11.393     0.08    2.02
-157570.059   -11.371     0.07    2.05
-157280.855   -11.442    -0.25    2.03
-156991.639   -11.371     0.25    2.06
-156702.410   -11.302     0.24    1.99
-156413.169   -11.059     0.84    2.06
-156123.915   -10.966     0.32    1.97
-155834.649   -10.891     0.26    2.32
-155545.370   -10.787     0.36    2.51
-155256.079   -10.586     0.69    2.62
-154966.775   -10.431     0.54    2.77
-154677.459   -10.494    -0.22    2.65
-154388.130   -10.161     1.15    2.61
-154098.788    -9.908     0.88    2.51
-153809.435    -9.879     0.10    2.35
-153520.068    -9.864     0.05    2.20
-153230.689    -9.971    -0.37    2.45
-152941.298    -9.995    -0.08    2.67
-152651.894   -10.202    -0.71    2.80
-152362.478   -10.503    -1.04    2.79
-152073.049   -10.908    -1.40    2.79
-151783.607   -11.384    -1.64    2.52
-151494.153   -11.986    -2.08    1.74
-151204.687   -11.902     0.29    1.69
-150915.208   -11.864     0.13    1.64
-150625.716   -11.586     0.96    1.64
-150336.212   -11.175     1.42    1.73
-150046.695   -10.863     1.08    1.67
-149757.166   -10.602     0.90    1.61
-149467.624   -10.341     0.90    1.56
-149178.070   -10.262     0.27    1.65
-148888.503   -10.202     0.21    1.69
-148598.924   -10.217    -0.05    1.73
-148309.332   -10.100     0.40    1.59
-148019.727   -10.070     0.10    1.59
-147730.110   -10.099    -0.10    1.73
-147440.480    -9.952     0.51    1.89
-147150.838   -10.014    -0.21    1.94
-146861.183   -10.011     0.01    1.97
-146571.516    -9.772     0.82    2.32
-146281.836    -9.846    -0.26    2.38
-145992.144    -9.771     0.26    2.39
-145702.439    -9.786    -0.05    2.39
-145412.721    -9.925    -0.48    2.29
-145122.991    -9.786     0.48    2.31
-144833.248   -10.059    -0.94    2.26
-144543.493   -10.094    -0.12    1.97
-144253.725   -10.099    -0.02    1.99
-143963.944    -9.848     0.87    2.06
-143674.151    -9.769     0.27    2.15
-143384.345    -9.571     0.68    2.14
-143094.527    -9.712    -0.49    1.95
-142804.696    -9.802    -0.31    2.04
-142514.852    -9.846    -0.15    2.11
-142224.996   -10.036    -0.65    1.81
-141935.127   -10.168    -0.46    1.86
-141645.246   -10.432    -0.91    1.78
-141355.352   -10.556    -0.42    1.64
-141065.445   -10.786    -0.80    1.79
-140775.526   -10.877    -0.31    1.69
-140485.594   -11.002    -0.43    1.71
-140197.041   -11.151    -0.52    1.71
-139909.781   -11.246    -0.33    1.62
-139622.508   -10.909     1.17    1.45
-139335.223   -10.287     2.17    1.90
-139047.925    -9.697     2.05    2.14
-138760.615    -8.923     2.69    2.35
-138473.293    -8.617     1.06    2.23
-138185.958    -8.179     1.53    2.15
-137898.611    -7.863     1.10    1.92
-137611.252    -7.463     1.39    1.79
-137323.880    -7.529    -0.23    1.70
-137036.496    -7.586    -0.20    1.71
-136749.099    -7.632    -0.16    1.82
-136461.691    -8.040    -1.42    1.92
-136174.269    -8.386    -1.21    1.88
-135886.836    -8.579    -0.67    1.75
-135599.389    -8.911    -1.15    1.64
-135311.931    -8.817     0.33    1.89
-135024.460    -8.756     0.21    1.89
-134736.977    -8.556     0.70    1.87
-134449.481    -8.484     0.25    1.79
-134161.973    -8.196     1.00    1.89
-133874.453    -8.113     0.29    1.89
-133586.920    -7.938     0.61    1.94
-133299.374    -7.652     0.99    1.92
-133011.817    -7.468     0.64    1.92
-132724.247    -7.264     0.71    2.01
-132436.664    -6.863     1.39    1.98
-132149.069    -6.866    -0.01    2.14
-131861.462    -7.125    -0.90    2.21
-131573.842    -6.960     0.57    2.24
-131286.210    -7.287    -1.13    2.64
-130998.565    -7.432    -0.51    2.91
-130710.908    -7.999    -1.97    2.90
-130423.238    -8.356    -1.24    2.96
-130135.556    -9.044    -2.39    2.83
-129847.862    -9.202    -0.55    2.60
-129560.155    -9.402    -0.70    2.36
-129272.436    -9.665    -0.92    2.07
-128984.704    -9.586     0.27    2.12
-128696.960    -9.635    -0.17    2.09
-128409.203    -9.415     0.77    1.83
-128121.434    -9.135     0.97    1.89
-127833.652    -8.769     1.27    2.06
-127545.858    -8.386     1.33    1.66
-127258.052    -8.362     0.08    1.67
-126970.233    -8.386    -0.08    1.76
-126682.401    -8.279     0.37    1.72
-126394.557    -8.357    -0.27    1.96
-126106.701    -8.711    -1.23    1.69
-125818.832    -8.834    -0.43    1.66
-125530.951    -8.802     0.11    1.61
-125243.057    -8.893    -0.32    1.57
-124955.151    -8.953    -0.21    1.32
-124667.232    -8.909     0.15    1.59
-124379.301    -8.711     0.69    1.85
-124091.357    -8.518     0.67    2.00
-123803.401    -8.255     0.92    2.12
-123515.432    -8.205     0.17    2.13
-123227.451    -8.081     0.43    2.21
-122939.457    -7.956     0.44    2.17
-122651.451    -7.938     0.06    1.94
-122363.432    -8.167    -0.79    1.79
-122075.401    -8.564    -1.38    1.51
-121787.357    -8.680    -0.41    1.54
-121499.301    -8.556     0.43    1.57
-121211.232    -8.581    -0.09    1.53
-120923.151    -8.414     0.58    1.69
-120635.057    -8.208     0.71    1.75
-120346.951    -8.102     0.37    1.92
-120058.832    -7.559     1.88    2.20
-119770.701    -7.140     1.45    2.44
-119482.557    -7.120     0.07    2.54
-119194.401    -6.635     1.68    2.55
-118906.232    -6.602     0.12    2.54
-118618.050    -6.382     0.76    2.43
-118329.856    -6.468    -0.30    2.37
-118041.650    -6.595    -0.44    2.09
-117753.430    -6.494     0.35    2.17
-117465.199    -6.448     0.16    2.08
-117176.955    -6.423     0.09    2.25
-116888.698    -6.602    -0.62    2.22
-116600.429    -6.721    -0.41    2.23
-116312.147    -7.059    -1.17    2.02
-116023.852    -7.520    -1.60    1.87
-115735.545    -7.923    -1.40    1.76
-115447.226    -7.879     0.15    1.87
-115158.894    -7.879     0.00    1.99
-114870.549    -7.786     0.32    1.91
-114582.192    -7.484     1.05    2.02
-114293.822    -7.183     1.04    2.02
-114005.440    -7.029     0.53    1.91
-113717.045    -7.044    -0.05    1.92
-113428.638    -7.090    -0.16    1.94
-113140.217    -7.052     0.13    1.64
-112851.785    -7.278    -0.78    1.76
-112563.340    -7.408    -0.45    1.82
-112274.882    -7.673    -0.92    1.68
-111986.411    -7.726    -0.18    1.69
-111697.928    -7.529     0.68    1.66
-111409.433    -7.399     0.45    1.66
-111120.924    -7.220     0.62    1.63
-110832.404    -7.140     0.28    1.61
-110543.870    -7.015     0.43    1.50
-110255.324    -7.063    -0.17    1.53
-109966.766    -6.832     0.80    1.55
-109678.194    -6.586     0.85    1.70
-109389.610    -6.650    -0.22    1.67
-109101.014    -6.989    -1.17    1.88
-108812.405    -7.125    -0.47    1.88
-108523.783    -7.452    -1.14    1.83
-108235.149    -7.453    -0.00    1.67
-107946.502    -7.443     0.03    1.69
-107657.842    -7.241     0.70    1.82
-107369.170    -7.040     0.69    1.74
-107080.485    -6.848     0.67    1.69
-106791.788    -6.418     1.49    1.74
-106503.078    -6.347     0.25    1.76
-106214.355    -5.940     1.41    1.87
-105925.620    -5.571     1.28    1.76
-105636.872    -5.120     1.56    1.66
-105348.111    -4.786     1.16    1.54
-105059.338    -4.474     1.08    1.54
-104770.552    -3.786     2.38    1.84
-104481.753    -2.079     5.91    6.05
-104192.942     0.486     8.88    9.92
-103904.118     3.537    10.56   12.66
-103615.281     5.198     5.75   12.99
-103326.432     6.547     4.67   13.24
-103037.570     7.265     2.49   12.45
-102748.696     7.891     2.17   11.28
-102459.808     7.526    -1.26    9.30
-102170.908     9.001     5.10    9.68
-101881.996     9.592     2.05    9.94
-101593.070    11.721     7.37   10.26
-101304.133    12.698     3.38   10.79
-101015.182    14.275     5.46   11.37
-100726.219    14.706     1.49   10.93
-100437.242    17.573     9.92   11.50
-100148.254    19.289     5.94   11.50
 -99859.252    20.683     4.82   11.26
 -99570.238    22.229     5.35   12.03
 -99281.211    24.602     8.21   12.64
 -98992.172    27.275     9.25   12.01
 -98703.120    31.398    14.26   11.09
 -98414.055    34.304    10.05   11.40
 -98124.977    38.229    13.58   10.81
 -97835.887    37.776    -1.57   12.22
 -97546.784    37.468    -1.07   13.58
 -97257.668    39.335     6.46   13.30
 -96968.540    40.103     2.66   12.91
 -96679.398    40.275     0.60   12.84
 -96390.245    39.583    -2.39   12.25
 -96101.078    41.047     5.06   12.30
 -95811.899    43.844     9.67   11.92
 -95522.706    44.618     2.67   12.20
 -95233.502    46.350     5.99   11.80
 -94944.284    47.964     5.58   11.72
 -94655.054    51.623    12.65   12.48
 -94365.811    54.321     9.33   11.53
 -94076.555    56.213     6.54   11.78
 -93787.286    57.294     3.73   11.47
 -93498.005    58.426     3.91   11.16
 -93208.711    58.071    -1.22   11.30
 -92919.404    56.798    -4.40   11.87
 -92630.085    56.077    -2.49   11.69
 -92340.753    57.259     4.08   11.75
 -92051.408    58.075     2.82   12.06
 -91762.050    57.408    -2.31   12.31
 -91472.679    57.016    -1.35   13.04
 -91183.296    56.731    -0.99   12.69
 -90893.900    57.850     3.87   12.97
 -90604.491    59.521     5.78   13.19
 -90315.069    59.780     0.89   13.30
 -90025.635    60.558     2.69   12.47
 -89736.188    63.850    11.37   12.15
 -89446.728    63.897     0.16   11.55
 -89157.255    64.047     0.52   12.84
 -88867.769    64.092     0.16   12.33
 -88578.271    63.577    -1.78   13.58
 -88288.760    62.948    -2.17   14.83
 -87999.236    62.231    -2.48   14.16
 -87709.699    61.774    -1.58   14.17
 -87420.150    62.005     0.80   13.79
 -87130.587    62.426     1.45   13.39
 -86841.012    64.583     7.45   13.52
 -86551.424    67.616    10.47   14.62
 -86261.823    68.091     1.64   14.02
 -85972.210    68.259     0.58   14.28
 -85682.583    67.940    -1.10   14.65
 -85392.944    69.001     3.66   14.05
 -85103.292    71.198     7.58   15.25
 -84813.627    73.629     8.39   15.80
 -84523.950    74.698     3.69   15.12
 -84234.259    77.279     8.91   12.91
 -83944.556    77.547     0.92   14.27
 -83654.840    78.102     1.91   14.84
 -83365.111    78.698     2.06   15.32
 -83075.369    78.583    -0.40   14.58
 -82785.614    74.880   -12.78   14.97
 -82495.847    73.691    -4.10   15.49
 -82206.067    73.865     0.60   13.89
 -81916.273    73.263    -2.08   13.16
 -81626.467    71.631    -5.63   13.77
 -81336.649    71.460    -0.59   14.46
 -81046.817    67.537   -13.53   16.27
 -80756.972    64.875    -9.18   16.83
 -80467.115    61.779   -10.68   16.56
 -80177.244    59.471    -7.96   16.06
 -79887.361    55.440   -13.90   14.01
 -79597.465    57.014     5.43   14.38
 -79307.556    60.198    10.98   13.56
 -79017.635    62.592     8.26   12.73
 -78727.700    61.429    -4.01   13.82
 -78437.752    61.774     1.19   13.53
 -78148.015    61.747    -0.09   13.42
 -77860.800    63.032     4.47   14.19
 -77573.571    63.850     2.85   14.60
 -77286.331    67.592    13.03   17.32
 -76999.077    72.956    18.67   19.99
 -76711.811    78.480    19.23   22.23
 -76424.532    85.547    24.60   25.98
 -76137.241    93.263    26.86   26.82
 -75849.937   100.930    26.68   26.75
 -75562.620   107.154    21.66   26.69
 -75275.291   108.198     3.64   28.49
 -74987.949   107.109    -3.79   30.06
 -74700.595    99.691   -25.81   35.14
 -74413.228    94.215   -19.05   38.33
 -74125.848    85.426   -30.58   39.18
 -73838.456    76.105   -32.43   39.86
 -73551.051    70.352   -20.01   38.66
 -73263.633    66.895   -12.03   37.74
 -72976.203    59.032   -27.36   34.00
 -72688.760    51.941   -24.67   31.07
 -72401.305    45.849   -21.19   30.68
 -72113.836    38.244   -26.45   25.88
 -71826.356    32.245   -20.86   21.61
 -71538.862    27.713   -15.76   18.13
 -71251.356    24.306   -11.85   15.51
 -70963.837    25.062     2.63   17.26
 -70676.306    26.891     6.36   17.90
 -70388.762    36.183    32.32   22.36
 -70101.205    42.698    22.66   23.12
 -69813.635    52.960    35.68   26.82
 -69526.053    64.306    39.45   29.28
 -69238.458    71.798    26.05   26.70
 -68950.851    76.308    15.68   24.49
 -68663.231    82.973    23.17   23.35
 -68375.598    85.001     7.05   24.77
 -68087.952    79.473   -19.22   30.85
 -67800.294    63.698   -54.83   36.38
 -67512.623    51.198   -43.45   35.98
 -67224.940    42.661   -29.67   36.55
 -66937.243    32.303   -36.00   32.66
 -66649.534    21.792   -36.53   17.63
 -66361.813    18.444   -11.64    6.70
 -66074.078    22.860    15.35   13.20
 -65786.331    28.137    18.34   18.28
 -65498.572    43.335    52.81   34.94
 -65210.799    57.532    49.33   43.62
 -64923.014    83.029    88.59   55.65
 -64635.216   107.521    85.10   63.16
 -64347.405   132.456    86.63   63.57
 -64059.582   156.737    84.35   64.37
 -63771.746   191.183   119.67   57.55
 -63483.897   216.184    86.85   58.22
 -63196.036   242.895    92.79   58.68
 -62908.162   261.941    66.16   59.95
 -62620.275   280.682    65.10   57.47
 -62332.375   294.198    46.95   51.53
 -62044.462   308.118    48.34   35.71
 -61756.537   317.839    33.76   20.42
 -61468.599   314.577   -11.33   20.70
 -61180.649   304.244   -35.88   20.33
 -60892.685   297.467   -23.53   18.06
 -60604.709   289.424   -27.93   18.44
 -60316.720   282.562   -23.83   18.28
 -60028.719   275.754   -23.64   17.99
 -59740.704   269.320   -22.34   17.57
 -59452.677   263.106   -21.57   16.72
 -59164.637   257.557   -19.27   16.18
 -58876.585   253.292   -14.80   17.51
 -58588.519   248.577   -16.37   20.59
 -58300.441   243.960   -16.03   20.30
 -58012.350   239.001   -17.21   19.96
 -57724.247   234.107   -16.99   16.07
 -57436.130   232.095    -6.98   15.23
 -57148.001   229.629    -8.56   16.36
 -56859.859   227.548    -7.22   17.58
 -56571.704   224.910    -9.15   19.61
 -56283.536   221.641   -11.35   18.73
 -55995.356   224.395     9.56   21.86
 -55707.163   229.945    19.25   24.14
 -55418.957   235.751    20.14   26.67
 -55130.738   243.915    28.33   28.83
 -54842.506   254.952    38.29   28.42
 -54554.262   264.357    32.63   24.05
 -54266.005   270.568    21.54   20.67
 -53977.735   273.460    10.03   23.15
 -53689.452   271.352    -7.31   26.44
 -53401.157   271.960     2.11   26.80
 -53112.848   273.915     6.78   26.36
 -52824.527   271.921    -6.91   27.16
 -52536.193   274.315     8.30   24.28
 -52247.846   267.410   -23.94   30.02
 -51959.487   258.586   -30.60   33.49
 -51671.114   257.631    -3.31   34.55
 -51382.729   253.638   -13.85   34.67
 -51094.331   247.744   -20.44   33.25
 -50805.920   243.714   -13.97   31.49
 -50517.496   243.213    -1.74   29.62
 -50229.059   240.783    -8.43   28.98
 -49940.610   234.653   -21.25   27.78
 -49652.148   231.919    -9.48   25.65
 -49363.672   231.350    -1.97   21.36
 -49075.184   231.926     2.00   20.82
 -48786.684   225.674   -21.67   19.11
 -48498.170   220.562   -17.72   22.92
 -48209.643   212.475   -28.03   26.79
 -47921.104   205.244   -25.06   31.61
 -47632.552   194.644   -36.73   33.54
 -47343.987   181.964   -43.94   29.40
 -47055.409   171.341   -36.81   22.26
 -46766.818   166.721   -16.01   17.46
 -46478.214   163.121   -12.47   17.26
 -46189.597   160.870    -7.80   17.49
 -45900.968   161.121     0.87   17.09
 -45612.326   160.395    -2.52   18.88
 -45323.671   157.350   -10.55   19.65
 -45035.002   153.917   -11.89   19.91
 -44746.321   153.653    -0.92   20.36
 -44457.628   154.553     3.12   19.40
 -44168.921   151.016   -12.25   20.93
 -43880.201   147.138   -13.43   20.58
 -43591.469   144.820    -8.03   23.57
 -43302.723   142.198    -9.08   27.42
 -43013.965   135.042   -24.78   28.59
 -42725.194   128.138   -23.91   29.08
 -42436.410   119.421   -30.18   25.95
 -42147.613   111.808   -26.36   23.52
 -41858.803   105.475   -21.93   20.67
 -41569.980    97.426   -27.87   16.41
 -41281.144    91.798   -19.48   12.97
 -40992.296    88.062   -12.93   13.39
 -40703.434    86.021    -7.07   13.18
 -40414.559    83.706    -8.01   12.56
 -40125.672    80.729   -10.31   12.16
 -39836.772    79.865    -2.99   11.70
 -39547.858    79.516    -1.21   11.27
 -39258.932    80.643     3.90   10.72
 -38969.993    81.532     3.08    9.90
 -38681.041    82.860     4.60   10.95
 -38392.076    86.092    11.19   12.45
 -38103.098    88.926     9.80   13.00
 -37814.107    93.051    14.28   12.07
 -37525.103    94.910     6.43   13.48
 -37236.087    96.001     3.77   15.01
 -36947.057    95.870    -0.45   15.45
 -36658.014    93.091    -9.62   18.33
 -36368.959    86.244   -23.69   22.32
 -36079.890    80.562   -19.66   24.28
 -35790.808    74.456   -21.12   24.20
 -35501.714    65.627   -30.54   23.07
 -35212.606    58.562   -24.44   22.04
 -34923.486    51.650   -23.91   21.57
 -34634.353    45.471   -21.37   18.26
 -34345.206    41.631   -13.28   14.55
 -34056.047    39.471    -7.47   13.50
 -33766.874    37.243    -7.70   11.96
 -33477.689    36.783    -1.59   11.77
 -33188.491    36.037    -2.58   11.40
 -32899.279    35.968    -0.24   11.12
 -32610.055    35.789    -0.62   10.24
 -32320.818    35.213    -1.99   10.69
 -32031.568    35.698     1.68   11.09
 -31742.304    35.660    -0.13   11.04
 -31453.028    35.532    -0.44   10.73
 -31163.739    35.903     1.28   11.08
 -30874.437    36.460     1.92   11.41
 -30585.121    36.497     0.13   11.96
 -30295.793    37.001     1.74   12.33
 -30006.452    37.392     1.35   13.39
 -29717.098    37.698     1.06   13.45
 -29427.730    37.341    -1.23   13.48
 -29138.350    36.214    -3.90   12.72
 -28848.957    35.198    -3.51   12.29
 -28559.550    33.986    -4.19   10.69
 -28270.131    33.138    -2.93    9.49
 -27980.698    31.906    -4.26    7.91
 -27691.253    30.607    -4.49    6.98
 -27401.794    29.698    -3.14    6.28
 -27112.323    29.789     0.31    6.34
 -26822.838    29.019    -2.66    6.40
 -26533.341    27.948    -3.70    6.70
 -26243.830    26.154    -6.20    6.63
 -25954.306    25.198    -3.30    6.13
 -25664.770    23.992    -4.17    5.51
 -25375.220    23.398    -2.05    4.67
 -25085.657    23.365    -0.12    4.70
 -24796.081    23.623     0.89    4.56
 -24506.492    22.787    -2.89    5.34
 -24216.890    23.228     1.52    5.92
 -23927.275    22.183    -3.61    6.13
 -23637.647    21.732    -1.56    6.30
 -23348.006    20.713    -3.52    6.16
 -23058.351    20.064    -2.24    5.90
 -22768.684    18.787    -4.41    5.60
 -22479.004    17.820    -3.34    5.44
 -22189.310    15.527    -7.91    5.40
 -21899.604    13.792    -5.99    5.38
 -21609.884    12.855    -3.24    5.29
 -21320.151    12.348    -1.75    5.30
 -21030.405    12.501     0.53    5.90
 -20740.646    12.875     1.29    9.59
 -20450.874    13.303     1.48    9.60
 -20161.089    14.880     5.44    8.92
 -19871.291    15.832     3.28    8.67
 -19581.479    18.713     9.94   12.09
 -19291.655    19.318     2.08   10.23
 -19001.818    20.845     5.27    9.59
 -18711.967    21.289     1.53    8.72
 -18422.103    21.383     0.32    8.59
 -18132.226    19.629    -6.05    6.87
 -17842.336    17.405    -7.67    5.91
 -17552.433    16.273    -3.90    6.12
 -17262.517    13.810    -8.49    4.63
 -16972.587    11.780    -7.00    3.95
 -16682.645    10.751    -3.55    4.03
 -16392.689     9.532    -4.20    3.88
 -16102.721     8.838    -2.39    3.65
 -15814.530     8.660    -0.62    3.45
 -15527.342     9.152     1.71    3.66
 -15240.140     9.441     1.00    3.95
 -14952.926     9.198    -0.84    4.30
 -14665.699     9.562     1.27    4.27
 -14378.459     9.321    -0.84    4.35
 -14091.206     8.569    -2.62    4.61
 -13803.940     7.395    -4.09    4.43
 -13516.662     6.213    -4.11    4.09
 -13229.370     5.757    -1.59    4.09
 -12942.066     5.306    -1.57    3.86
 -12654.749     5.001    -1.06    3.71
 -12367.419     5.085     0.29    3.43
 -12080.076     5.077    -0.03    3.42
 -11792.720     5.230     0.53    3.26
 -11505.351     5.275     0.16    4.03
 -11217.970     4.915    -1.25    2.94
 -10930.575     5.032     0.41    3.06
 -10643.168     5.259     0.79    3.25
 -10355.748     4.908    -1.22    3.55
 -10068.314     4.729    -0.62    3.55
  -9780.868     4.854     0.44    3.46
  -9493.409     4.289    -1.96    3.38
  -9205.938     4.062    -0.79    3.05
  -8918.453     3.698    -1.26    2.78
  -8630.955     3.713     0.05    2.62
  -8343.445     3.737     0.08    2.32
  -8055.921     3.441    -1.03    1.99
  -7768.385     3.611     0.59    1.99
  -7480.836     3.870     0.90    2.00
  -7193.273     4.244     1.30    2.17
  -6905.698     4.362     0.41    2.13
  -6618.110     4.527     0.57    2.00
  -6330.509     4.860     1.16    1.87
  -6042.896     5.133     0.95    1.64
  -5755.269     5.168     0.12    1.69
  -5467.629     5.214     0.16    1.71
  -5179.976     5.303     0.31    1.77
  -4892.311     5.335     0.11    1.73
  -4604.632     5.467     0.46    1.66
  -4316.941     5.337    -0.45    1.80
  -4029.236     5.214    -0.43    2.10
  -3741.519     4.789    -1.48    2.46
  -3453.789     4.244    -1.89    2.71
  -3166.045     4.022    -0.77    3.15
  -2878.289     3.998    -0.08    3.55
  -2590.520     3.577    -1.46    4.03
  -2302.738     3.569    -0.03    4.50
  -2014.943     3.335    -0.82    4.65
  -1727.135     3.214    -0.42    4.76
  -1439.314     2.998    -0.75    4.98
  -1151.480     2.258    -2.57    4.85
   -863.633     1.729    -1.84    4.46
   -575.773     1.410    -1.11    4.21
   -287.900     0.405    -3.49    3.97
     -0.014     0.392    -0.04    3.67
    287.885     0.698     1.06    3.84
    575.797     0.926     0.79    4.12
    863.722     1.774     2.95    4.30
   1151.660     2.900     3.91    4.39
   1439.611     4.062     4.04    3.70
   1727.574     4.598     1.86    3.42
   2015.551     5.168     1.98    3.00
   2303.541     5.295     0.44    3.18
   2591.544     5.501     0.72    3.03
   2879.560     5.729     0.79    2.71
   3167.589     6.081     1.22    2.24
   3455.630     6.228     0.51    2.17
   3743.685     6.318     0.31    1.95
   4031.753     6.408     0.31    1.97
   4319.834     6.306    -0.35    1.99
   4607.928     6.260    -0.16    1.55
   4896.035     6.274     0.05    1.54
   5184.155     6.304     0.11    1.39
   5472.288     6.491     0.65    1.35
   5760.434     6.568     0.27    1.43
   6048.593     6.456    -0.39    1.58
   6336.765     6.320    -0.47    1.83
   6624.950     6.527     0.72    2.40
   6913.148     6.109    -1.45    2.91
   7201.359     5.410    -2.42    3.55
   7489.584     4.437    -3.38    4.03
   7777.821     3.595    -2.92    4.38
   8066.071     2.607    -3.43    4.50
   8354.335     2.352    -0.89    4.93
   8642.611     5.109     9.56   11.63
   8930.901     6.301     4.14   14.66
   9219.203     6.034    -0.93   14.82
   9507.519     6.320     0.99   14.87
   9795.847     5.395    -3.21   13.16
  10084.189     3.422    -6.84    8.46
  10372.544     2.614    -2.80    4.41
  10660.912     2.937     1.12    3.95
  10949.293     3.352     1.44    3.25
  11237.687     3.482     0.45    3.26
  11526.094     4.441     3.32    2.99
  11814.514     4.913     1.64    2.80
  12102.947     5.350     1.52    2.64
  12391.394     5.480     0.45    2.62
  12679.853     5.441    -0.13    2.42
  12968.326     5.675     0.81    2.26
  13256.812     5.850     0.61    2.18
  13545.310     5.667    -0.63    2.09
  13833.822     5.820     0.53    2.16
  14122.347     6.024     0.71    2.14
  14410.885     6.213     0.66    2.09
  14699.436     6.441     0.79    1.82
  14988.001     6.557     0.40    1.79
  15276.578     6.320    -0.82    1.95
  15565.168     6.698     1.31    2.01
  15853.772     7.198     1.73    2.29
  16142.389     8.058     2.98    3.59
  16431.019     8.562     1.75    4.15
  16719.662     9.850     4.46    4.96
  17008.318    11.516     5.77    5.44
  17296.987    12.537     3.53    5.41
  17585.669    13.768     4.26    5.55
  17874.365    14.532     2.65    5.18
  18163.074    14.944     1.43    4.41
  18451.795    14.983     0.13    3.93
  18740.530    15.304     1.11    3.66
  19029.278    15.049    -0.88    3.94
  19318.040    14.937    -0.39    4.34
  19606.814    14.616    -1.11    4.44
  19895.602    14.625     0.03    4.31
  20184.402    14.410    -0.74    4.37
  20473.216    14.407    -0.01    4.52
  20762.043    13.607    -2.77    4.43
  21050.883    13.789     0.63    4.06
  21339.737    14.464     2.34    3.85
  21628.603    14.789     1.13    3.78
  21917.483    15.424     2.20    3.56
  22206.376    15.335    -0.31    3.51
  22495.282    15.557     0.77    3.64
  22784.201    15.318    -0.83    3.85
  23073.133    15.362     0.15    3.87
  23362.079    15.168    -0.67    3.86
  23651.038    15.325     0.55    4.26
  23940.010    15.537     0.73    4.22
  24228.995    16.229     2.40    3.81
  24517.993    16.467     0.82    3.55
  24807.005    16.855     1.34    3.45
  25096.029    16.335    -1.80    3.88
  25385.067    15.676    -2.28    4.01
  25674.118    15.432    -0.85    4.26
  25963.183    15.365    -0.23    4.29
  26252.260    14.676    -2.38    4.08
  26541.351    14.492    -0.63    3.82
  26830.455    14.304    -0.65    3.53
  27119.572    14.064    -0.83    2.88
  27408.703    14.475     1.42    2.66
  27697.846    14.500     0.09    2.39
  27987.003    14.623     0.42    2.39
  28276.173    15.482     2.97    2.88
  28565.356    15.669     0.65    3.00
  28854.553    16.124     1.57    3.07
  29143.763    16.721     2.07    3.12
  29432.986    16.821     0.35    3.22
  29722.222    16.941     0.41    3.06
  30011.472    17.137     0.68    2.66
  30300.734    17.289     0.53    2.58
  30590.010    17.759     1.62    2.29
  30879.300    18.060     1.04    2.26
  31168.602    18.491     1.49    2.55
  31457.918    19.150     2.28    2.54
  31747.247    19.441     1.01    3.50
  32036.589    21.303     6.44   10.10
  32325.945    23.557     7.79   12.27
  32615.314    34.676    38.43   36.01
  32904.696    45.079    35.95   45.61
  33194.091    51.008    20.49   48.40
  33483.500    53.568     8.84   48.32
  33772.921    57.350    13.07   47.98
  34062.357    63.820    22.35   49.10
  34351.805    68.169    15.03   53.99
  34641.267    66.168    -6.91   55.28
  34930.742    68.107     6.70   69.04
  35220.230    67.315    -2.74   72.13
  35509.732    75.019    26.61   84.64
  35799.247    93.304    63.16   98.24
  36088.775   123.198   103.25  121.67
  36378.316   151.646    98.25  131.26
  36667.871   176.229    84.90  132.55
  36957.439   203.798    95.21  129.89
  37247.021   231.500    95.66  127.55
  37536.616   243.598    41.78  132.07
  37826.224   251.019    25.62  144.23
  38115.845   245.512   -19.02  144.82
  38405.480   222.825   -78.33  143.62
  38695.128   191.492  -108.18  149.01
  38984.789   163.389   -97.03  150.15
  39274.464   132.441  -106.84  141.63
  39564.152    95.352  -128.03  118.68
  39853.853    56.062  -135.63   76.64
  40143.567    33.728   -77.09   30.52
  40433.295    26.348   -25.47    3.94
  40723.037    26.577     0.79    3.89
  41012.791    27.015     1.51    3.68
  41302.559    27.456     1.52    3.42
  41592.341    28.497     3.59    3.19
  41882.135    29.331     2.88    2.72
  42171.943    29.789     1.58    2.70
  42461.765    29.900     0.38    2.43
  42751.600    30.244     1.19    2.24
  43041.448    30.730     1.67    2.40
  43331.309    31.335     2.09    2.69
  43621.184    32.154     2.82    3.04
  43911.072    32.419     0.92    2.87
  44200.974    32.870     1.56    2.99
  44490.889    33.623     2.60    3.37
  44780.817    34.440     2.82    3.62
  45070.759    35.229     2.72    3.45
  45360.714    35.744     1.78    3.45
  45650.682    36.168     1.46    3.17
  45940.664    36.335     0.57    3.48
  46230.106    36.275    -0.21    3.40
  46517.244    36.092    -0.64    3.25
  46804.394    36.327     0.82    3.06
  47091.558    36.607     0.98    2.82
  47378.735    36.840     0.81    2.50
  47665.925    37.303     1.61    2.28
  47953.128    37.380     0.27    2.09
  48240.344    37.471     0.32    2.22
  48527.573    37.167    -1.06    2.38
  48814.815    36.653    -1.79    2.58
  49102.071    36.275    -1.31    2.69
  49389.339    35.614    -2.30    2.49
  49676.621    35.320    -1.02    2.16
  49963.916    35.441     0.42    2.02
  50251.224    35.850     1.42    2.09
  50538.545    35.886     0.13    1.83
  50825.879    36.062     0.61    1.94
  51113.226    36.214     0.53    2.02
  51400.586    36.273     0.20    1.92
  51687.960    36.138    -0.47    2.07
  51975.346    35.870    -0.93    1.99
  52262.746    35.460    -1.43    1.90
  52550.159    35.569     0.38    1.95
  52837.585    36.001     1.50    2.32
  53125.024    36.500     1.73    2.83
  53412.476    36.895     1.38    3.08
  53699.942    37.228     1.16    3.19
  53987.421    37.287     0.20    3.26
  54274.912    37.595     1.07    3.00
  54562.417    37.638     0.15    2.88
  54849.935    37.198    -1.53    2.68
  55137.467    37.294     0.33    2.59
  55425.011    38.124     2.89    2.90
  55712.569    39.034     3.17    2.99
  56000.139    39.721     2.39    2.69
  56287.723    40.094     1.30    2.49
  56575.320    40.825     2.54    2.29
  56862.931    41.675     2.95    2.59
  57150.554    42.168     1.72    2.65
  57438.191    42.761     2.06    2.82
  57725.840    43.274     1.78    2.74
  58013.503    43.551     0.96    2.50
  58301.180    43.706     0.54    2.54
  58588.869    43.840     0.47    2.64
  58876.572    44.100     0.90    2.91
  59164.287    44.392     1.02    3.06
  59452.016    45.075     2.37    3.29
  59739.758    45.698     2.17    3.14
  60027.514    46.321     2.17    2.72
  60315.282    46.736     1.44    2.90
  60603.064    47.410     2.34    2.91
  60890.859    47.886     1.65    3.05
  61178.667    48.607     2.51    3.06
  61466.489    49.383     2.69    3.13
  61754.323    50.320     3.25    3.05
  62042.171    51.429     3.85    3.12
  62330.032    52.335     3.15    3.00
  62617.907    53.337     3.48    3.03
  62905.794    54.744     4.89    3.22
  63193.695    56.167     4.94    3.29
  63481.609    57.365     4.16    3.13
  63769.536    58.810     5.02    3.30
  64057.477    60.337     5.30    3.75
  64345.430    62.456     7.36    4.33
  64633.397    64.583     7.39    5.37
  64921.378    67.064     8.62    6.03
  65209.371    69.936     9.97    6.33
  65497.378    72.669     9.49    6.54
  65785.398    75.348     9.30    6.59
  66073.431    77.919     8.93    6.64
  66361.478    80.229     8.02    5.95
  66649.537    82.370     7.43    5.05
  66937.610    84.259     6.56    4.18
  67225.697    85.731     5.11    3.72
  67513.796    86.945     4.21    3.58
  67801.909    88.139     4.14    3.41
  68090.035    89.816     5.82    4.16
  68378.174    91.437     5.63    4.42
  68666.327    93.532     7.27    4.52
  68954.493    94.573     3.62    4.54
  69242.672    95.737     4.04    4.66
  69530.865    97.062     4.60    4.40
  69819.071    98.698     5.68    4.24
  70107.290   100.066     4.75    4.82
  70395.522   101.646     5.48    4.93
  70683.768   103.168     5.28    4.95
  70972.027   104.739     5.45    4.60
  71260.299   106.607     6.48    4.71
  71548.585   108.292     5.84    4.39
  71836.884   110.392     7.29    4.65
  72125.196   112.198     6.26    4.94
  72413.521   114.930     9.47    5.35
  72701.860   117.491     8.88    5.08
  72990.213   120.135     9.17    5.65
  73278.578   122.795     9.23    5.85
  73566.957   125.752    10.25    6.07
  73855.349   128.422     9.26    6.34
  74143.754   131.274     9.89    6.55
  74432.173   134.362    10.71    6.77
  74720.605   137.761    11.78    6.48
  75009.051   140.032     7.87    7.01
  75297.510   142.844     9.75    6.97
  75585.982   146.152    11.47    6.72
  75874.467   148.653     8.67    6.72
  76162.966   152.562    13.55    9.07
  76451.479   155.986    11.87    9.94
  76740.004   159.058    10.65   11.58
  77028.543   163.895    16.77   14.42
  77317.095   167.521    12.57   16.09
  77605.661   175.516    27.71   21.27
  77894.240   181.895    22.11   24.31
  78182.832   189.497    26.34   27.49
  78471.438   198.840    32.38   29.91
  78760.057   208.021    31.81   31.16
  79048.690   217.213    31.85   31.50
  79337.336   227.058    34.11   31.27
  79625.995   237.850    37.39   32.85
  79914.667   250.516    43.88   34.10
  80203.353   262.992    43.22   34.33
  80492.053   279.152    55.98   38.89
  80780.766   295.814    57.71   47.52
  81069.492   312.016    56.12   61.34
  81358.231   335.892    82.69   82.10
  81646.984   359.607    82.14  104.44
  81935.751   401.952   146.65  140.21
  82224.530   438.064   125.06  164.95
  82513.324   451.875    47.83  176.49
  82802.130   450.880    -3.45  189.83
  83090.950   441.040   -34.07  183.47
  83379.783   439.910    -3.91  171.32
  83668.630   437.422    -8.61  147.84
  83957.491   419.034   -63.66  121.22
  84246.364   420.047     3.51  115.89
  84535.251   434.583    50.32  111.84
  84824.152   463.713   100.84  117.08
  85113.066   465.360     5.70  115.28
  85401.993   487.198    75.59  125.15
  85690.934   509.138    75.94  138.21
  85979.888   542.503   115.48  160.74
  86268.856   555.004    43.27  173.96
  86557.837   567.452    43.08  179.14
  86846.831   580.698    45.84  176.85
  87135.839   585.053    15.07  157.94
  87424.861   562.607   -77.67  140.66
  87713.896   551.079   -39.89  119.19
  88002.944   549.601    -5.11  112.32
  88292.006   577.765    97.44  138.57
  88581.081   639.998   215.30  194.04
  88870.170   715.547   261.35  228.39
  89159.272   776.968   212.47  228.97
  89448.388   859.380   285.07  208.23
  89737.517   924.395   224.88  179.38
  90026.659   958.079   116.50  168.91
  90315.816   972.568    50.11  142.87
  90604.985   972.049    -1.79  119.31
  90894.168   971.618    -1.49   99.81
  91183.365   955.721   -54.97  106.65
  91472.575   915.757  -138.19  132.59
  91761.798   896.389   -66.97  151.07
  92051.035   863.616  -113.32  166.41
  92340.286   834.801   -99.63  167.95
  92629.550   798.320  -126.13  177.39
  92918.827   772.731   -88.46  175.26
  93208.118   740.562  -111.21  164.75
  93497.422   715.139   -87.88  143.38
  93786.740   702.772   -42.75  122.32
  94076.072   704.273     5.19  120.44
  94365.417   725.521    73.44  142.35
  94654.775   779.107   185.20  171.33
  94944.148   841.401   215.29  179.60
  95233.533   923.654   284.25  179.84
  95522.932   975.880   180.48  157.01
  95812.345   994.978    65.99  162.36
  96101.771  1001.840    23.71  158.54
  96391.211   994.721   -24.60  146.38
  96680.664  1010.118    53.20  139.34
  96970.130  1033.568    81.02  155.56
  97259.611  1076.350   147.80  171.94
  97549.105  1134.094   199.48  172.60
  97838.612  1172.448   132.49  166.68
  98128.133  1213.737   142.62  145.03
  98417.667  1228.348    50.47  151.23
  98707.215  1249.444    72.87  137.38
  98996.777  1302.676   183.85  161.50
  99286.352  1381.303   271.55  203.39
  99575.941  1451.272   241.63  201.21
  99865.543  1509.945   202.61  185.09
 100155.159  1547.289   128.96  159.99
 100444.788  1547.410     0.42  173.96
 100734.431  1523.489   -82.60  197.17
 101024.087  1454.094  -239.60  224.06
 101313.758  1359.228  -327.52  209.99
 101603.441  1261.801  -336.35  198.72
 101893.138  1181.228  -278.15  180.63
 102182.849  1098.352  -286.09  143.07
 102472.574  1052.259  -159.11  103.35
 102762.312  1043.275   -31.01   94.49
 103052.063  1050.844    26.13  102.32
 103341.828  1091.542   140.46  131.43
 103631.607  1156.273   223.40  147.35
 103921.400  1220.521   221.72  158.47
 104211.206  1300.757   276.88  159.02
 104501.025  1359.788   203.70  170.45
 104790.858  1432.228   249.96  189.33
 105080.705  1534.272   352.09  207.62
 105370.566  1607.836   253.81  191.36
 105660.440  1658.034   173.19  178.33
 105950.327  1668.292    35.39  179.20
 106240.228  1658.198   -34.82  208.11
 106530.143  1608.521  -171.37  202.51
 106820.072  1563.168  -156.44  207.84
 107110.014  1550.926   -42.23  210.49
 107399.970  1546.934   -13.77  233.03
 107689.939  1576.532   102.08  262.35
 107979.922  1624.552   165.61  276.93
 108269.919  1692.395   233.96  282.04
 108557.791  1762.480   243.48  280.05
 108844.902  1787.362    86.67  250.94
 109132.027  1778.956   -29.28  228.74
 109419.165  1755.963   -80.08  234.19
 109706.317  1701.646  -189.17  237.94
 109993.481  1595.512  -369.63  268.94
 110280.660  1475.489  -417.98  244.36
 110567.851  1380.183  -331.88  230.73
 110855.056  1299.016  -282.63  207.16
 111142.274  1225.870  -254.69  193.54
 111429.505  1168.007  -201.47  203.54
 111716.750  1096.094  -250.38  225.76
 112004.009  1044.482  -179.69  274.82
 112291.280   953.698  -316.05  265.96
 112578.565   880.034  -256.44  285.35
 112865.863   782.044  -341.10  268.70
 113153.175   699.360  -287.81  247.39
 113440.500   667.542  -110.75  212.48
 113727.839   656.452   -38.60  196.58
 114015.190   677.032    71.62  206.43
 114302.555   700.897    83.06  205.88
 114589.934   751.765   177.03  225.71
 114877.326   826.414   259.77  222.16
 115164.731   907.607   282.53  236.44
 115452.150  1019.675   389.95  248.24
 115739.582  1145.934   439.30  278.39
 116027.028  1292.091   508.51  291.60
 116314.486  1432.121   487.18  309.85
 116601.959  1571.698   485.58  283.54
 116889.444  1695.683   431.31  233.04
 117176.943  1777.759   285.51  188.21
 117464.456  1815.444   131.09  162.48
 117751.982  1810.079   -18.66  173.98
 118039.521  1776.614  -116.40  192.64
 118327.074  1699.744  -267.35  194.55
 118614.640  1630.365  -241.28  199.16
 118902.219  1543.337  -302.65  200.27
 119189.812  1459.016  -293.22  188.83
 119477.419  1396.107  -218.75  161.80
 119765.039  1379.974   -56.10  154.43
 120052.672  1422.029   146.22  199.70
 120340.318  1505.139   288.96  255.20
 120627.979  1589.876   294.60  249.09
 120915.652  1664.644   259.93  239.57
 121203.339  1691.092    91.94  218.57
 121491.039  1712.124    73.11  223.64
 121778.753  1687.889   -84.24  226.10
 122066.481  1687.668    -0.77  202.85
 122354.221  1672.601   -52.37  194.41
 122641.976  1695.115    78.25  175.74
 122929.743  1738.676   151.39  184.23
 123217.524  1780.592   145.67  168.47
 123505.319  1834.288   186.59  164.02
 123793.127  1882.392   167.16  168.12
 124080.948  1952.885   244.94  198.67
 124368.783  2028.106   261.36  234.36
 124656.632  2126.913   343.29  280.31
 124944.494  2256.079   448.75  331.96
 125232.369  2392.429   473.69  316.04
 125520.258  2493.463   350.98  286.54
 125808.160  2561.941   237.87  236.04
 126096.076  2588.183    91.16  219.67
 126384.005  2595.917    26.86  212.69
 126671.948  2560.653  -122.48  193.52
 126959.905  2536.537   -83.76  182.94
 127247.874  2492.623  -152.51  197.37
 127535.858  2468.168   -84.92  215.96
 127823.854  2446.875   -73.94  227.00
 128111.865  2428.623   -63.38  240.64
 128399.888  2420.761   -27.30  238.82
 128687.926  2430.471    33.72  238.35
 128975.976  2449.306    65.39  218.95
 129264.041  2432.638   -57.87  211.12
 129552.119  2425.860   -23.53  197.55
 129840.210  2439.274    46.57  178.68
 130128.315  2452.865    47.18  185.99
 130416.433  2491.091   132.69  191.92
 130704.565  2565.404   257.94  234.80
 130992.711  2674.247   377.77  257.01
 131280.869  2820.522   507.67  287.76
 131569.042  2971.348   523.44  294.74
 131857.228  3104.064   460.57  251.38
 132145.428  3193.768   311.29  189.69
 132433.641  3243.040   170.97  142.01
 132721.867  3273.736   106.51  112.60
 133010.108  3263.579   -35.24  123.35
 133298.361  3236.032   -95.58  131.80
 133586.629  3201.691  -119.14  131.69
 133874.909  3187.375   -49.67  138.16
 134163.204  3185.736    -5.69  142.44
 134451.512  3182.752   -10.35  141.15
 134739.833  3189.547    23.57  148.80
 135028.168  3200.897    39.37  143.63
 135316.517  3216.124    52.81  158.21
 135604.879  3251.960   124.29  153.72
 135893.255  3265.728    47.75  169.06
 136181.644  3290.482    85.85  163.41
 136470.047  3263.768   -92.64  197.92
 136758.464  3205.547  -201.89  243.83
 137046.894  3161.983  -151.05  263.12
 137335.338  3066.034  -332.68  286.93
 137623.795  2967.804  -340.57  293.89
 137912.266  2905.169  -217.15  313.22
 138200.750  2844.407  -210.65  301.18
 138489.248  2810.501  -117.54  335.78
 138777.760  2796.722   -47.76  339.07
 139066.285  2800.844    14.29  335.86
 139354.824  2805.789    17.14  310.89
 139643.377  2820.273    50.20  299.76
 139931.943  2826.389    21.20  274.22
 140220.522  2782.989  -150.41  248.00
 140509.116  2761.571   -74.22  244.75
 140797.723  2677.248  -292.21  253.70
 141086.343  2573.691  -358.84  296.80
 141374.977  2460.047  -393.77  306.01
 141663.625  2349.434  -383.25  274.31
 141952.287  2297.706  -179.22  256.85
 142240.962  2282.547   -52.52  264.92
 142529.650  2323.721   142.64  300.81
 142818.353  2367.860   152.90  291.62
 143107.068  2376.601    30.28  297.87
 143395.798  2356.810   -68.55  281.52
 143684.541  2301.919  -190.13  300.02
 143973.298  2213.047  -307.81  294.23
 144262.069  2095.945  -405.57  272.94
 144550.853  2016.244  -276.02  250.52
 144839.651  1981.123  -121.63  246.07
 145128.462  1927.183  -186.79  217.37
 145417.287  1888.437  -134.17  196.22
 145706.126  1861.272   -94.06  181.65
 145994.979  1840.243   -72.81  151.87
 146283.845  1856.810    57.36  152.90
 146572.725  1859.262     8.49  145.69
 146861.618  1907.350   166.48  184.05
 147150.525  1974.091   231.04  237.60
 147439.446  2077.478   357.88  294.87
 147728.381  2183.463   366.86  326.05
 148017.329  2326.840   496.26  327.80
 148306.291  2474.486   511.01  344.62
 148595.266  2631.634   543.87  296.48
 148884.256  2739.653   373.83  276.78
 149173.259  2836.730   335.94  234.10
 149462.275  2922.392   296.43  190.06
 149751.306  2994.113   248.17  170.03
 150040.350  3059.870   227.53  144.69
 150329.407  3129.448   240.74  146.59
 150618.479  3192.376   217.71  160.73
 150907.564  3275.287   286.84  175.07
 151196.663  3370.752   330.26  204.87
 151485.775  3470.934   346.55  210.28
 151774.902  3598.007   439.56  234.75
 152064.042  3715.512   406.44  233.41
 152353.196  3811.107   330.64  192.04
 152642.363  3856.151   155.79  161.00
 152931.544  3862.810    23.03  143.15
 153220.739  3831.921  -106.82  165.44
 153509.948  3782.497  -170.92  173.55
 153799.170  3704.259  -270.54  168.53
 154088.407  3632.348  -248.66  136.19
 154377.656  3591.829  -140.10  117.65
 154666.920  3555.138  -126.86  115.26
 154956.197  3536.875   -63.14  112.84
 155245.489  3505.698  -107.78  110.40
 155534.794  3487.081   -64.36  106.18
 155824.112  3476.198   -37.62   93.99
 156113.445  3458.077   -62.64   79.40
 156402.791  3450.053   -27.73   64.31
 156692.151  3450.395     1.18   53.27
 156981.524  3455.706    18.35   54.65
 157270.912  3471.380    54.17   65.73
 157560.313  3502.581   107.82   92.42
 157849.728  3541.592   134.81  122.68
 158139.157  3588.016   160.42  138.14
 158428.599  3632.928   155.19  140.88
 158718.056  3673.971   141.81  135.03
 159007.526  3713.323   135.96  111.35
 159297.010  3732.426    66.00   89.17
 159586.508  3737.677    18.14   81.71
 159876.019  3745.810    28.10   80.97
 160165.544  3736.728   -31.37   96.47
 160455.084  3716.650   -69.35   96.02
 160744.636  3696.978   -67.95  101.15
 161034.203  3680.675   -56.31   92.14
 161323.784  3674.081   -22.78   89.24
 161613.378  3668.377   -19.70   79.88
 161902.986  3668.154    -0.77   71.36
 162192.608  3673.229    17.53   68.55
 162482.244  3675.055     6.31   61.41
 162771.893  3682.482    25.64   56.67
 163061.557  3696.783    49.38   63.13
 163351.234  3725.066    97.65   76.31
 163640.925  3749.213    83.37   79.12
 163930.630  3772.318    79.76   84.39
 164220.349  3798.398    90.03   86.35
 164510.081  3822.516    83.25   88.27
 164799.828  3838.414    54.87   81.61
 165089.588  3856.392    62.05   79.60
 165379.362  3873.285    58.30   77.66
 165669.150  3883.273    34.47   80.49
 165958.952  3881.646    -5.61  108.87
 166248.767  3882.754     3.82  111.60
 166538.597  3851.744  -107.01  145.09
 166828.440  3802.380  -170.33  173.66
 167118.297  3726.669  -261.24  197.24
 167408.168  3654.757  -248.11  217.36
 167698.053  3564.571  -311.15  236.43
 167987.952  3459.138  -363.74  237.33
 168277.865  3359.493  -343.75  229.84
 168567.791  3240.154  -411.68  222.45
 168857.732  3128.501  -385.14  213.09
 169147.686  3025.198  -356.32  201.06
 169437.654  2916.633  -374.45  201.56
 169727.636  2826.452  -311.03  192.66
 170017.632  2752.497  -255.06  180.71
 170307.642  2710.505  -144.81  161.76
 170596.856  2691.258   -66.56  160.40
 170883.925  2725.910   120.73  172.23
 171171.008  2770.213   154.34  199.72
 171458.104  2854.601   293.98  209.68
 171745.214  2928.228   256.48  186.12
 172032.337  2978.737   175.94  140.57
 172319.474  2971.405   -25.54  134.11
 172606.625  2940.915  -106.20  158.49
 172893.789  2868.691  -251.54  202.88
 173180.967  2787.623  -282.33  225.61
 173468.158  2666.091  -423.23  245.00
 173755.363  2560.419  -367.98  226.31
 174042.581  2460.592  -347.61  201.03
 174329.813  2399.660  -212.17  171.90
 174617.059  2368.016  -110.18  156.28
 174904.318  2367.291    -2.53  175.48
 175191.591  2387.653    70.89  217.88
 175478.878  2447.675   208.96  247.16
 175766.178  2504.974   199.47  252.46
 176053.492  2542.362   130.15  236.62
 176340.819  2582.829   140.86  205.46
 176628.160  2588.335    19.16  186.40
 176915.515  2585.261   -10.70  165.52
 177202.883  2549.183  -125.56  152.91
 177490.265  2491.456  -200.90  162.31
 177777.660  2432.316  -205.81  173.97
 178065.069  2393.542  -134.93  176.70
 178352.492  2315.768  -270.63  166.97
 178639.928  2276.683  -135.99  152.45
 178927.378  2266.737   -34.61  149.68
 179214.842  2270.751    13.96  145.98
 179502.319  2285.789    52.32  138.56
 179789.810  2313.419    96.12  139.92
 180077.315  2338.616    87.65  135.89
 180364.833  2385.547   163.25  145.07
 180652.365  2437.008   179.00  145.71
 180939.911  2491.668   190.12  155.01
 181227.470  2564.032   251.68  168.03
 181515.043  2654.049   313.07  190.46
 181802.629  2732.831   273.98  202.18
 182090.229  2830.765   340.57  209.72
 182377.843  2931.001   348.56  215.57
 182665.471  3062.069   455.75  236.87
 182953.112  3183.607   422.59  253.10
 183240.767  3300.948   407.98  238.15
 183528.436  3374.736   256.54  189.27
 183816.118  3400.427    89.32  166.03
 184103.814  3387.840   -43.76  176.64
 184391.524  3319.360  -238.05  215.58
 184679.247  3226.105  -324.16  224.94
 184966.984  3104.154  -423.89  193.68
 185254.735  3012.295  -319.28  166.56
 185542.499  2918.765  -325.07  159.69
 185830.277  2841.571  -268.28  159.95
 186118.069  2757.721  -291.40  177.66
 186405.875  2643.478  -397.00  213.40
 186693.694  2542.327  -351.49  233.10
 186981.527  2405.566  -475.21  259.89
 187269.374  2291.105  -397.71  260.19
 187557.234  2181.870  -379.53  233.97
 187845.108  2096.751  -295.73  188.71
 188132.996  2042.619  -188.06  146.76
 188420.898  2006.362  -125.95  131.88
 188708.813  1968.042  -133.12  136.96
 188996.742  1944.032   -83.40  149.42
 189284.685  1906.855  -129.13  144.49
 189572.642  1887.471   -67.32  135.07
 189860.612  1880.274   -25.00  150.59
 190148.596  1880.387     0.39  174.25
 190436.594  1901.109    71.96  230.24
 190724.605  1945.398   153.80  280.51
 191012.631  2004.395   204.86  321.10
 191300.670  2091.376   302.02  357.35
 191588.722  2195.348   361.00  364.14
 191876.789  2290.303   329.68  361.59
 192164.869  2372.757   286.26  335.26
 192452.963  2429.742   197.83  274.63
 192741.071  2474.638   155.85  201.09
 193029.193  2475.895     4.37  170.80
 193317.328  2468.706   -24.95  174.88
 193605.477  2398.375  -244.12  209.97
 193893.640  2300.900  -338.32  232.13
 194181.817  2179.213  -422.33  260.91
 194470.007  2058.691  -418.27  281.02
 194758.212  1909.452  -517.90  318.27
 195046.430  1769.460  -485.79  314.43
 195334.662  1675.168  -327.19  277.41
 195622.907  1610.320  -225.01  229.92
 195911.167  1585.482   -86.18  200.89
 196199.440  1626.992   144.02  239.94
 196487.727  1719.318   320.30  306.25
 196776.028  1863.257   499.35  346.16
 197064.343  2034.776   595.00  296.21
 197352.671  2152.804   409.42  268.66
 197641.013  2280.653   443.46  230.50
 197929.369  2398.963   410.36  207.91
 198217.739  2481.051   284.71  193.32
 198506.123  2563.661   286.50  196.83
 198794.521  2623.032   205.90  199.60
 199082.932  2702.456   275.43  190.75
 199371.357  2740.713   132.66  186.99
 199659.796  2779.380   134.08  203.68
 199948.249  2838.316   204.35  211.02
 200236.716  2869.314   107.48  233.76
 200525.196  2898.631   101.64  257.37
 200813.691  2937.110   133.40  269.31
 201102.199  2971.389   118.83  272.14
 201390.721  3014.019   147.78  241.28
 201679.257  3064.214   173.99  215.78
 201967.807  3109.631   157.42  199.72
 202256.371  3162.155   182.05  181.13
 202544.948  3192.900   106.55  163.92
 202833.540  3197.963    17.55  144.82
 203122.145  3202.436    15.50  140.93
 203410.764  3167.963  -119.46  159.98
 203699.397  3121.968  -159.38  177.36
 203988.044  3084.019  -131.49  175.33
 204276.704  3039.022  -155.91  176.34
 204565.379  3005.331  -116.73  197.39
 204854.068  2958.213  -163.24  226.83
 205142.770  2902.246  -193.89  208.04
 205431.486  2879.478   -78.87  197.08
 205720.216  2850.583  -100.09  166.91
 206008.960  2854.303    12.89  157.70
 206297.718  2897.691   150.28  152.86
 206586.490  2966.736   239.14  150.74
 206875.276  3040.577   255.74  168.60
 207164.075  3118.183   268.76  185.24
 207452.889  3191.974   255.54  192.05
 207741.716  3259.475   233.75  180.16
 208030.558  3299.759   139.49  181.04
 208319.413  3330.552   106.62  185.66
 208608.282  3369.301   134.16  210.84
 208897.165  3379.653    35.84  244.51
 209186.062  3368.198   -39.66  247.39
 209474.973  3407.304   135.38  248.59
 209763.898  3465.814   202.54  241.20
 210052.837  3516.638   175.93  251.24
 210341.789  3561.875   156.58  231.76
 210630.756  3582.049    69.83  229.62
 210919.737  3584.105     7.11  230.88
 211208.731  3539.759  -153.47  226.74
 211497.740  3531.835   -27.42  211.08
 211786.762  3518.956   -44.57  186.83
 212075.798  3529.616    36.89  175.43
 212364.849  3559.598   103.74  179.47
 212653.913  3599.941   139.59  180.25
 212942.991  3629.921   103.73  175.86
 213232.083  3665.016   121.42  177.38
 213521.190  3688.168    80.09  198.52
 213810.310  3676.471   -40.46  234.97
 214099.444  3665.937   -36.44  279.53
 214388.592  3656.368   -33.10  288.13
 214677.754  3650.062   -21.81  302.00
 214966.930  3675.244    87.10  304.35
 215256.120  3718.092   148.19  321.34
 215545.324  3754.752   126.78  301.68
 215834.542  3739.616   -52.34  283.03
 216123.774  3730.389   -31.91  250.85
 216413.019  3750.289    68.81  220.72
 216702.279  3751.880     5.50  207.28
 216991.553  3769.230    59.99  191.80
 217280.841  3828.377   204.50  228.70
 217570.143  3934.167   365.74  240.34
 217859.459  4052.631   409.53  230.86
 218148.789  4202.445   517.89  265.96
 218438.133  4319.004   402.91  268.53
 218727.491  4399.885   279.57  249.06
 219016.863  4448.542   168.18  225.32
 219306.249  4447.331    -4.19  198.35
 219595.648  4431.627   -54.27  199.88
 219885.062  4368.019  -219.82  218.74
 220174.490  4277.654  -312.27  212.65
 220463.932  4209.736  -234.69  176.58
 220753.389  4194.375   -53.08  189.91
 221042.859  4238.182   151.36  232.87
 221332.343  4316.492   270.56  299.96
 221621.841  4407.964   316.02  303.96
 221911.353  4496.198   304.82  279.46
 222200.879  4551.004   189.33  235.12
 222490.420  4598.816   165.16  215.47
 222779.974  4614.348    53.65  208.65
 223069.542  4640.817    91.43  193.80
 223359.125  4688.610   165.07  218.37
 223648.721  4760.414   247.99  226.76
 223938.332  4820.304   206.83  233.40
 224227.957  4880.592   208.20  208.11
 224517.595  4915.242   119.65  182.55
 224807.248  4922.956    26.63  176.82
 225096.915  4884.152  -133.98  194.18
 225386.596  4822.348  -213.39  216.01
 225676.291  4733.491  -306.78  213.55
 225966.000  4682.516  -175.98  199.13
 226255.723  4661.320   -73.18  192.10
 226545.460  4637.377   -82.65  191.84
 226835.212  4637.498     0.42  198.79
 227124.977  4632.583   -16.97  205.22
 227414.757  4655.222    78.14  198.09
