-215067.355  4943.584     0.00   94.22
-214779.929  4950.835    25.23  103.41
-214492.516  4937.243   -47.30   97.85
-214205.118  4918.494   -65.25   95.83
-213917.733  4893.777   -86.02   89.24
-213630.362  4872.811   -72.97   75.88
-213343.005  4851.703   -73.47   68.14
-213055.662  4829.830   -76.13   64.68
-212768.333  4809.734   -69.95   68.16
-212481.017  4774.256  -123.50   82.81
-212193.715  4738.957  -122.88   89.25
-211906.427  4705.336  -117.05   94.72
-211619.153  4670.136  -122.55  105.35
-211331.893  4634.600  -123.73  124.91
-211044.646  4592.736  -145.77  121.02
-210757.414  4567.584   -87.58  133.03
-210470.195  4518.976  -169.26  115.44
-210182.989  4506.468   -43.56  116.66
-209895.798  4500.875   -19.48  126.99
-209608.620  4511.350    36.48  145.48
-209321.457  4523.494    42.30  166.02
-209034.307  4574.655   178.20  164.98
-208747.170  4627.778   185.04  154.96
-208460.048  4681.931   188.64  132.92
-208172.939  4721.262   137.01  132.33
-207885.844  4763.103   145.76  133.42
-207598.763  4797.017   118.15  122.52
-207311.695  4815.924    65.87  116.45
-207024.642  4828.735    44.64  115.70
-206735.942  4834.365    19.51  146.27
-206445.909  4829.438   -16.99  179.89
-206155.890  4846.942    60.37  191.83
-205865.885  4859.987    44.99  189.54
-205575.893  4882.247    76.78  180.60
-205285.916  4905.380    79.79  153.07
-204995.953  4928.687    80.39  127.90
-204706.004  4959.012   104.60  117.24
-204416.070  4984.165    86.77  100.27
-204126.149  5004.056    68.62   98.29
-203836.242  5035.554   108.67   97.85
-203546.350  5068.270   112.88  104.96
-203256.471  5102.567   118.33  106.62
-202966.606  5103.306     2.55  104.93
-202676.756  5088.121   -52.40  114.64
-202386.920  5060.365   -95.78  118.00
-202097.097  5053.479   -23.76  106.62
-201807.289  5058.360    16.84  118.43
-201517.495  5045.927   -42.91  120.86
-201227.715  5052.073    21.21  124.03
-200937.948  5059.340    25.08  112.28
-200648.196  5087.629    97.65  103.32
-200358.458  5095.659    27.72   88.36
-200068.734  5090.027   -19.44   83.72
-199779.024  5079.855   -35.12   73.71
-199489.328  5073.321   -22.56   69.83
-199199.646  5062.057   -38.89   72.33
-198909.978  5032.279  -102.82   66.39
-198620.324  5001.565  -106.05   60.89
-198330.684  4967.315  -118.27   62.77
-198041.058  4938.964   -97.90   71.63
-197751.447  4900.509  -132.80   89.44
-197461.849  4859.689  -140.98   96.65
-197172.265  4817.110  -147.06   88.69
-196882.695  4788.082  -100.26   75.59
-196593.139  4770.491   -60.76   60.86
-196303.597  4768.409    -7.19   69.37
-196014.069  4788.468    69.29   89.47
-195724.555  4830.673   145.80  112.07
-195435.055  4892.203   212.57  146.05
-195145.569  4940.195   165.81  144.95
-194856.098  4974.931   120.01  135.96
-194566.640  4995.257    70.23  108.27
-194277.196  4997.189     6.67   95.86
-193987.766  4984.964   -42.24  105.66
-193698.350  4947.808  -128.40  109.74
-193408.948  4901.166  -161.19   88.84
-193119.559  4861.802  -136.05   71.73
-192830.185  4848.270   -46.77   65.75
-192540.825  4830.166   -62.58   61.08
-192251.479  4820.806   -32.35   68.37
-191962.147  4815.399   -18.69   81.12
-191672.828  4811.850   -12.27   87.69
-191383.524  4795.838   -55.36   97.63
-191094.234  4773.155   -78.42   97.98
-190804.957  4745.539   -95.48   95.78
-190515.695  4713.537  -110.65   81.66
-190226.446  4687.600   -89.68   72.63
-189937.211  4659.673   -96.57   70.60
-189647.991  4635.763   -82.68   72.52
-189358.784  4608.242   -95.18   88.55
-189069.591  4574.703  -115.99  110.61
-188780.412  4550.748   -82.85  112.80
-188491.247  4530.569   -69.79  126.58
-188202.096  4535.292    16.33  141.97
-187912.959  4530.106   -17.94  152.47
-187623.836  4524.897   -18.02  155.49
-187334.726  4536.519    40.20  152.73
-187045.631  4525.084   -39.56  151.06
-186756.549  4520.658   -15.31  143.26
-186467.482  4520.330    -1.13  129.05
-186178.428  4519.964    -1.27  127.57
-185889.388  4524.509    15.73  128.66
-185600.362  4536.306    40.82  133.93
-185311.350  4553.334    58.93  138.53
-185022.352  4556.976    12.60  143.44
-184733.368  4569.855    44.57  145.57
-184444.398  4596.375    91.79  131.49
-184155.441  4594.008    -8.19  128.83
-183866.498  4599.062    17.49  133.86
-183577.570  4594.424   -16.05  153.73
-183288.655  4591.596    -9.79  161.17
-182999.754  4614.446    79.10  168.35
-182710.867  4622.340    27.33  167.28
-182421.994  4602.718   -67.93  177.37
-182133.134  4596.027   -23.17  178.02
-181844.289  4593.912    -7.32  179.21
-181555.457  4583.968   -34.43  168.87
-181266.639  4538.275  -158.23  140.73
-180977.835  4524.203   -48.73  134.34
-180689.045  4530.537    21.93  128.00
-180400.269  4572.569   145.57  143.18
-180111.507  4603.571   107.38  155.94
-179822.758  4622.867    66.84  162.62
-179534.023  4643.233    70.54  156.90
-179245.302  4662.465    66.62  146.12
-178956.595  4645.196   -59.82  166.24
-178667.902  4584.642  -209.78  202.97
-178379.223  4486.047  -341.59  204.56
-178090.557  4386.289  -345.63  208.21
-177801.905  4283.350  -356.67  205.17
-177513.267  4207.836  -261.66  171.50
-177224.643  4190.026   -61.71  170.29
-176936.033  4226.836   127.56  218.00
-176647.437  4280.580   186.25  246.09
-176358.854  4335.153   189.13  240.16
-176070.285  4384.027   169.39  201.77
-175781.730  4393.718    33.59  184.87
-175493.189  4341.097  -182.39  201.74
-175204.661  4268.624  -251.22  190.16
-174916.148  4211.424  -198.29  140.00
-174627.648  4165.319  -159.83  104.87
-174339.162  4159.567   -19.94  103.28
-174050.689  4165.188    19.49  104.87
-173762.231  4203.047   131.26  113.13
-173473.786  4254.915   179.85  120.28
-173185.355  4292.242   129.43  129.91
-172896.938  4337.446   156.75  129.88
-172608.535  4376.934   136.94  114.22
-172320.145  4389.264    42.76  102.93
-172031.769  4387.488    -6.16  125.39
-171743.407  4352.953  -119.78  156.81
-171455.059  4289.765  -219.17  165.84
-171166.724  4217.703  -249.96  165.88
-170878.404  4135.128  -286.44  142.26
-170590.097  4052.596  -286.30  127.10
-170301.803  3996.218  -195.58  134.65
-170013.524  3940.565  -193.08  138.86
-169725.258  3894.991  -158.12  126.92
-169437.006  3867.703   -94.68  123.92
-169148.768  3818.446  -170.91  128.49
-168860.543  3762.415  -194.42  165.00
-168572.332  3701.552  -211.21  201.53
-168284.135  3627.345  -257.52  220.78
-167995.952  3525.765  -352.53  218.22
-167707.782  3417.582  -375.46  188.97
-167419.626  3324.057  -324.61  181.65
-167131.484  3231.196  -322.32  172.46
-166843.356  3146.488  -294.03  160.95
-166555.241  3105.173  -143.42  149.96
-166267.140  3076.264  -100.36  146.32
-165979.053  3069.181   -24.59  137.16
-165690.979  3074.211    17.46  133.48
-165402.919  3074.503     1.02  128.85
-165114.873  3093.270    65.16  114.56
-164826.840  3085.545   -26.83  107.50
-164538.822  3052.519  -114.68  125.88
-164250.817  2985.987  -231.04  152.87
-163962.825  2911.345  -259.21  160.77
-163674.848  2853.586  -200.60  143.49
-163386.884  2805.385  -167.41  129.07
-163098.933  2759.778  -158.41  116.61
-162810.997  2729.720  -104.41  102.87
-162523.074  2727.912    -6.28  104.63
-162235.164  2736.136    28.57  104.51
-161947.269  2741.115    17.30  104.68
-161659.387  2750.571    32.85  117.51
-161371.519  2758.330    26.96  112.71
-161083.664  2779.431    73.31  116.17
-160795.823  2790.897    39.84  109.97
-160507.996  2824.556   116.96  127.64
-160220.182  2891.976   234.28  152.67
-159932.382  2976.270   292.93  166.50
-159644.596  3056.062   277.29  164.57
-159356.824  3111.405   192.34  136.28
-159069.065  3147.549   125.62  117.61
-158781.319  3155.291    26.91  123.69
-158493.588  3149.703   -19.42  140.33
-158205.870  3136.380   -46.31  154.99
-157918.165  3112.718   -82.25  180.71
-157630.474  3099.234   -46.88  187.75
-157342.797  3104.136    17.04  193.59
-157055.134  3131.673    95.74  200.60
-156767.484  3189.288   200.32  199.88
-156479.848  3223.688   119.61  196.77
-156192.225  3250.873    94.53  165.66
-155904.616  3256.658    20.12  150.06
-155617.021  3244.396   -42.64  164.80
-155329.439  3199.991  -154.43  204.71
-155041.871  3132.934  -233.22  233.86
-154754.316  3030.325  -356.88  225.95
-154466.775  2963.870  -231.14  195.02
-154179.248  2949.985   -48.30  193.66
-153891.734  2976.435    92.01  213.04
-153604.234  3031.519   191.62  222.02
-153316.748  3100.961   241.58  195.02
-153029.275  3146.626   158.87  145.97
-152741.815  3183.285   127.54  102.38
-152454.370  3168.349   -51.97   88.70
-152166.937  3140.442   -97.10   87.00
-151879.519  3088.385  -181.14   91.22
-151592.114  3038.703  -172.88   95.63
-151304.722  2996.027  -148.51  101.70
-151017.344  2953.106  -149.37  101.80
-150729.980  2899.420  -186.85  105.69
-150442.630  2861.832  -130.82  105.43
-150155.292  2811.565  -174.96  108.90
-149867.969  2761.446  -174.46  122.58
-149580.659  2705.032  -196.38  125.29
-149293.362  2647.979  -198.61  122.70
-149006.079  2590.793  -199.08  121.21
-148718.810  2521.400  -241.59  119.75
-148431.554  2457.408  -222.80  139.25
-148144.312  2365.390  -320.39  180.84
-147857.083  2247.642  -409.99  226.83
-147569.868  2119.380  -446.62  243.80
-147282.667  2035.394  -292.46  224.63
-146995.479  1964.136  -248.15  191.32
-146708.304  1921.325  -149.10  184.00
-146421.143  1899.768   -75.08  184.84
-146133.996  1914.189    50.23  221.72
-145846.862  1961.565   165.02  242.09
-145559.741  2004.279   148.78  236.58
-145272.634  2046.017   145.39  224.51
-144985.541  2101.159   192.09  219.31
-144698.224  2165.256   223.11  212.00
-144408.199  2237.119   247.81  195.64
-144118.187  2289.234   179.72  200.67
-143828.190  2346.026   195.86  210.87
-143538.206  2365.885    68.49  199.93
-143248.236  2353.503   -42.71  195.75
-142958.280  2306.957  -160.55  224.89
-142668.338  2226.219  -278.49  224.32
-142378.409  2146.915  -273.56  241.53
-142088.495  2062.673  -290.61  212.44
-141798.594  2023.042  -136.72  178.18
-141508.707  2032.614    33.02  197.66
-141218.834  2086.749   186.78  227.94
-140928.974  2190.158   356.79  261.79
-140639.129  2312.110   420.79  285.11
-140349.297  2456.097   496.85  273.73
-140059.479  2590.765   464.71  275.76
-139769.675  2711.256   415.81  257.10
-139479.884  2793.321   283.22  214.03
-139190.108  2831.718   132.52  179.64
-138900.345  2841.524    33.84  163.39
-138610.596  2805.989  -122.65  172.90
-138320.861  2724.086  -282.71  182.84
-138031.140  2618.226  -365.42  174.89
-137741.432  2530.256  -303.69  178.29
-137451.738  2428.777  -350.33  205.99
-137162.058  2317.749  -383.32  229.67
-136872.392  2183.582  -463.23  262.26
-136582.739  2034.830  -513.61  289.32
-136293.100  1890.091  -499.78  299.59
-136003.475  1788.242  -351.70  231.99
-135713.864  1752.002  -125.15  188.15
-135424.267  1777.567    88.29  199.62
-135134.683  1850.285   251.14  240.79
-134845.113  1972.473   422.01  262.67
-134555.557  2077.309   362.10  262.28
-134266.014  2193.857   402.57  266.61
-133976.486  2305.900   387.03  266.65
-133686.971  2400.556   326.98  274.48
-133397.469  2509.599   376.70  281.43
-133107.982  2633.256   427.20  302.45
-132818.508  2742.107   376.07  280.37
-132529.048  2835.173   321.55  273.63
-132239.602  2912.719   267.94  239.58
-131950.169  2979.279   229.99  194.26
-131660.750  3000.850    74.54  177.55
-131371.345  3019.718    65.20  167.77
-131081.954  3012.718   -24.19  180.78
-130792.576  2984.465   -97.64  195.72
-130503.212  2968.703   -54.48  207.03
-130213.862  2929.576  -135.24  235.42
-129924.525  2864.778  -223.98  246.99
-129635.202  2789.674  -259.61  260.50
-129345.893  2721.306  -236.34  264.50
-129056.598  2658.017  -218.79  244.10
-128767.316  2611.832  -159.67  212.42
-128478.048  2607.806   -13.92  225.67
-128188.794  2570.903  -127.59  239.13
-127899.553  2536.300  -119.65  250.67
-127610.326  2490.181  -159.47  268.98
-127321.113  2437.128  -183.46  285.63
-127031.913  2329.011  -373.88  290.57
-126742.727  2241.926  -301.17  266.40
-126453.555  2135.597  -367.74  243.87
-126164.396  2036.996  -341.03  233.01
-125875.251  1922.321  -396.64  237.59
-125586.120  1826.976  -329.80  223.07
-125297.002  1764.778  -215.15  187.29
-125007.898  1730.281  -119.33  151.22
-124718.808  1733.764    12.05  151.08
-124429.732  1759.242    88.14  164.81
-124140.669  1823.345   221.78  183.37
-123851.619  1908.497   294.62  178.05
-123562.584  1985.325   265.83  169.95
-123273.562  2067.052   282.80  158.37
-122984.553  2155.155   304.88  153.46
-122695.559  2237.855   286.19  159.08
-122406.578  2318.578   279.37  164.95
-122117.610  2403.733   294.72  177.63
-121828.656  2487.442   289.73  181.44
-121539.716  2536.838   170.97  157.56
-121250.790  2567.953   107.70  140.83
-120961.877  2550.513   -60.37  151.57
-120672.977  2498.924  -178.59  184.26
-120384.092  2393.842  -363.78  219.79
-120095.220  2283.629  -381.57  227.63
-119806.361  2158.867  -431.95  227.93
-119517.516  2030.047  -446.03  227.64
-119228.685  1901.972  -443.47  228.32
-118939.868  1769.814  -457.62  232.26
-118651.064  1632.431  -475.74  274.67
-118362.273  1461.980  -590.28  290.31
-118073.496  1353.218  -376.66  252.71
-117784.733  1282.580  -244.65  201.96
-117495.984  1260.674   -75.87  166.19
-117207.247  1281.500    72.14  179.28
-116918.525  1358.426   266.46  196.52
-116629.816  1465.794   371.92  195.78
-116341.121  1580.250   396.50  192.26
-116052.439  1684.435   360.93  189.80
-115763.771  1784.919   348.13  184.25
-115475.117  1885.612   348.87  169.13
-115186.476  1959.088   254.58  145.44
-114897.848  2017.415   202.10  111.77
-114609.234  2017.242    -0.60  124.44
-114320.634  1988.659   -99.05  167.47
-114032.048  1923.763  -224.89  209.87
-113743.474  1833.946  -311.27  233.03
-113454.915  1721.218  -390.69  233.48
-113166.369  1628.119  -322.68  201.63
-112877.836  1564.350  -221.03  194.71
-112589.317  1530.139  -118.59  173.99
-112300.812  1528.071    -7.17  186.13
-112012.320  1514.688   -46.39  167.18
-111723.842  1477.569  -128.68  176.05
-111435.377  1438.919  -134.00  208.36
-111146.926  1359.848  -274.14  249.40
-110858.488  1276.355  -289.49  231.05
-110570.064  1201.783  -258.57  181.76
-110281.654  1166.385  -122.74  145.71
-109993.257  1191.539    87.23  169.42
-109704.873  1246.850   191.81  197.83
-109416.503  1338.196   316.79  225.55
-109128.146  1436.857   342.18  217.40
-108839.803  1487.718   176.41  235.65
-108551.474  1533.433   158.56  251.35
-108263.158  1542.554    31.64  254.11
-107974.855  1518.763   -82.53  257.71
-107686.566  1487.615  -108.05  259.74
-107398.291  1448.315  -136.34  225.79
-107110.029  1418.134  -104.71  167.91
-106821.781  1413.826   -14.95  141.32
-106533.546  1447.873   118.13  150.38
-106245.324  1494.270   160.99  158.68
-105957.116  1567.091   252.69  161.31
-105668.922  1620.468   185.23  167.63
-105380.741  1651.181   106.58  151.32
-105092.573  1702.976   179.75  142.30
-104804.419  1735.671   113.47  135.20
-104516.278  1779.673   152.72  141.61
-104228.151  1837.688   201.37  155.07
-103940.038  1910.882   254.07  162.26
-103651.937  1981.987   246.82  154.93
-103363.851  2052.600   245.13  152.05
-103075.777  2110.067   199.50  129.33
-102787.718  2143.539   116.21  106.07
-102499.671  2150.793    25.18   92.02
-102211.638  2137.657   -45.61  101.92
-101923.619  2113.203   -84.91  107.41
-101635.613  2074.420  -134.67  108.81
-101347.620  2041.673  -113.72   86.69
-101059.641  2011.980  -103.12   73.08
-100771.676  1995.862   -55.98   76.92
-100483.724  1973.522   -77.59   86.84
-100195.785  1935.934  -130.55   92.61
 -99907.859  1897.584  -133.21   96.86
 -99619.948  1864.165  -116.08  108.04
 -99332.049  1811.188  -184.03  121.68
 -99044.164  1771.767  -136.95  116.50
 -98756.292  1743.491   -98.23   94.38
 -98468.434  1727.580   -55.28   89.19
 -98180.589  1711.628   -55.43   83.16
 -97892.758  1719.946    28.90   87.35
 -97604.940  1743.380    81.43  103.36
 -97317.136  1787.931   154.81  111.70
 -97029.344  1827.334   136.93  104.47
 -96741.567  1851.628    84.42  103.40
 -96453.802  1867.735    55.98   96.08
 -96166.051  1881.196    46.78   97.09
 -95878.314  1880.082    -3.87   94.40
 -95590.590  1877.300    -9.67   93.19
 -95302.879  1870.793   -22.62   76.60
 -95015.182  1882.242    39.80   68.42
 -94727.498  1902.479    70.35   80.64
 -94439.827  1936.949   119.83   94.50
 -94152.170  1976.674   138.11  101.49
 -93864.526  2028.121   178.87  113.88
 -93576.896  2083.600   192.90  119.18
 -93289.279  2133.734   174.32  106.75
 -93001.675  2180.547   162.78   82.96
 -92714.085  2216.188   123.94   63.75
 -92426.508  2240.449    84.37   52.36
 -92138.944  2263.778    81.13   59.05
 -91851.394  2278.629    51.65   71.13
 -91563.857  2300.424    75.81   90.71
 -91276.334  2323.599    80.61   93.56
 -90988.824  2353.644   104.51   93.26
 -90701.327  2360.365    23.38   96.15
 -90413.843  2338.006   -77.78  107.13
 -90126.373  2316.503   -74.81  123.62
 -89838.916  2264.166  -182.08  161.29
 -89551.473  2197.806  -230.88  187.40
 -89264.043  2117.778  -278.45  210.49
 -88976.626  2048.340  -241.61  204.50
 -88689.223  1992.478  -194.38  182.50
 -88401.833  1970.840   -75.30  153.16
 -88114.456  1975.672    16.82  142.28
 -87827.093  1997.612    76.36  156.95
 -87539.742  2040.091   147.84  152.74
 -87252.406  2072.991   114.51  125.88
 -86965.082  2059.226   -47.91  120.99
 -86677.772  2039.969   -67.03  136.97
 -86390.475  1964.380  -263.12  186.57
 -86103.192  1876.784  -304.93  239.48
 -85815.921  1764.390  -391.27  258.45
 -85528.665  1628.181  -474.20  275.51
 -85241.421  1475.912  -530.14  269.62
 -84954.191  1342.360  -465.00  248.78
 -84666.974  1225.100  -408.29  215.43
 -84379.770  1132.476  -322.52  184.02
 -84092.579  1056.703  -263.86  149.08
 -83805.402   998.037  -204.30  124.77
 -83518.238   959.673  -133.60  118.48
 -83231.088   922.365  -129.93  121.16
 -82943.951   888.285  -118.70  118.80
 -82656.827   832.688  -193.65  121.58
 -82367.930   777.073  -192.52  120.45
 -82077.929   733.165  -151.41  127.66
 -81787.941   685.270  -165.17  122.16
 -81497.967   648.764  -125.90  103.42
 -81208.007   638.330   -35.99  100.23
 -80918.060   647.256    30.78  111.50
 -80628.127   691.957   154.19  145.42
 -80338.208   739.139   162.75  162.79
 -80048.301   813.457   256.37  168.48
 -79758.409   888.067   257.39  174.54
 -79468.530   968.494   277.47  153.69
 -79178.665  1026.747   200.98  153.94
 -78888.813  1094.519   233.83  160.44
 -78598.975  1166.644   248.86  174.12
 -78309.150  1240.916   256.28  186.99
 -78019.339  1313.181   249.37  193.89
 -77729.541  1373.897   209.53  181.92
 -77439.757  1422.630   168.18  151.26
 -77149.987  1425.997    11.62  161.76
 -76860.230  1387.503  -132.86  192.88
 -76570.486  1323.870  -219.63  219.10
 -76280.756  1241.640  -283.83  213.06
 -75991.040  1146.659  -327.86  179.26
 -75701.337  1097.431  -169.94  153.05
 -75411.648  1053.806  -150.60  137.48
 -75121.972  1019.234  -119.36  137.12
 -74832.310   965.355  -186.02  179.37
 -74542.661   920.338  -155.43  182.23
 -74253.026   877.888  -146.57  182.87
 -73963.404   825.840  -179.72  167.41
 -73673.796   767.912  -200.03  162.32
 -73384.201   725.522  -146.39  152.44
 -73094.620   705.473   -69.24  150.78
 -72805.053   721.599    55.69  162.01
 -72515.498   739.244    60.94  168.66
 -72225.958   743.512    14.74  169.61
 -71936.431   734.091   -32.54  166.19
 -71646.917   699.556  -119.29  184.89
 -71357.417   633.882  -226.87  206.41
 -71067.930   553.703  -276.99  214.80
 -70778.457   475.218  -271.14  167.15
 -70488.997   421.413  -185.89  117.35
 -70199.551   399.294   -76.42  104.49
 -69910.118   384.315   -51.76  102.19
 -69620.699   383.321    -3.44  113.56
 -69331.293   379.946   -11.66  119.02
 -69041.901   381.365     4.90  120.14
 -68752.522   367.624   -47.49  111.14
 -68463.156   357.411   -35.30  100.05
 -68173.804   340.949   -56.89   78.04
 -67884.466   329.718   -38.82   60.83
 -67595.141   320.840   -30.69   53.39
 -67305.829   316.380   -15.41   52.69
 -67016.531   307.823   -29.58   54.55
 -66727.247   300.523   -25.24   52.23
 -66437.975   287.927   -43.55   47.66
 -66148.718   275.002   -44.69   37.78
 -65859.473   265.571   -32.61   28.39
 -65570.242   257.597   -27.57   23.77
 -65281.025   248.766   -30.54   17.87
 -64991.821   241.506   -25.10   16.75
 -64702.630   234.865   -22.97   17.32
 -64413.453   225.370   -32.83   18.80
 -64124.289   216.584   -30.39   19.94
 -63835.139   207.375   -31.85   18.80
 -63546.002   199.450   -27.41   17.99
 -63256.879   189.673   -33.82   14.69
 -62967.769   183.218   -22.33   14.01
 -62678.672   176.980   -21.58   12.70
 -62389.589   170.912   -20.99   12.36
 -62100.519   164.582   -21.90   11.75
 -61811.462   159.340   -18.14   10.08
 -61522.419   154.885   -15.41    9.39
 -61233.390   149.703   -17.93    7.73
 -60944.373   145.589   -14.24    7.25
 -60655.371   141.673   -13.55    7.06
 -60366.381   137.494   -14.46    7.40
 -60077.405   133.586   -13.53    7.73
 -59788.442   129.340   -14.69    7.58
 -59499.493   124.719   -15.99    7.21
 -59210.557   120.809   -13.53    6.96
 -58921.635   117.219   -12.43    6.74
 -58632.726   113.405   -13.20    7.20
 -58343.830   109.599   -13.17    6.61
 -58054.947   106.262   -11.55    6.17
 -57766.078   103.196   -10.62    5.97
 -57477.223    99.825   -11.67    5.93
 -57188.380    96.734   -10.70    5.56
 -56899.551    93.903    -9.80    5.28
 -56610.736    91.017    -9.99    5.76
 -56321.934    87.840   -11.00    5.14
 -56033.145    85.380    -8.52    4.99
 -55744.369    82.912    -8.55    4.91
 -55455.607    80.431    -8.59    4.20
 -55166.858    78.441    -6.89    4.17
 -54878.123    75.961    -8.59    4.99
 -54589.401    73.365    -8.99    5.32
 -54300.692    70.629    -9.48    5.20
 -54011.996    68.264    -8.19    5.11
 -53723.314    65.749    -8.71    5.13
 -53434.645    63.442    -7.99    4.61
 -53145.990    61.284    -7.48    4.11
 -52857.348    59.479    -6.25    4.13
 -52568.719    57.062    -8.38    4.24
 -52280.103    54.718    -8.12    4.90
 -51991.501    52.264    -8.50    5.11
 -51702.912    48.942   -11.51    5.91
 -51414.337    45.922   -10.47    6.61
 -51125.774    43.173    -9.53    7.01
 -50837.225    40.180   -10.37    7.07
 -50548.690    36.270   -13.55    6.38
 -50260.167    33.556    -9.41    5.37
 -49971.658    30.479   -10.66    5.73
 -49683.163    27.385   -10.73    5.54
 -49394.680    24.752    -9.13    5.67
 -49106.211    22.537    -7.68    5.57
 -48817.755    20.862    -5.81    5.01
 -48529.312    19.103    -6.10    4.00
 -48240.883    18.159    -3.27    3.28
 -47952.467    17.450    -2.46    2.70
 -47664.064    17.151    -1.04    2.78
 -47375.675    17.219     0.24    2.84
 -47087.299    17.405     0.64    2.75
 -46798.936    17.365    -0.14    2.44
 -46510.586    17.128    -0.82    2.47
 -46222.250    16.673    -1.58    2.33
 -45933.926    16.942     0.94    2.43
 -45645.616    16.860    -0.29    2.36
 -45357.320    16.473    -1.34    2.26
 -45069.036    16.370    -0.36    2.43
 -44780.766    16.322    -0.17    2.41
 -44492.509    16.385     0.22    2.39
 -44204.266    16.134    -0.87    2.29
 -43916.035    16.022    -0.39    2.31
 -43627.818    16.042     0.07    2.47
 -43339.614    15.567    -1.65    2.66
 -43051.424    14.719    -2.94    2.70
 -42763.246    14.032    -2.39    3.04
 -42475.082    13.400    -2.19    2.76
 -42186.931    12.777    -2.16    2.43
 -41898.793    12.119    -2.28    2.13
 -41610.669    12.180     0.21    2.40
 -41322.558    12.052    -0.44    2.36
 -41034.460    11.834    -0.75    2.60
 -40746.375    11.749    -0.30    2.65
 -40458.303    11.479    -0.93    2.78
 -40170.245    11.336    -0.50    2.69
 -39882.199    11.465     0.45    2.96
 -39594.167    11.809     1.20    3.17
 -39306.149    11.779    -0.11    3.19
 -39018.143    11.783     0.01    3.40
 -38730.151    11.867     0.29    3.17
 -38442.171    11.942     0.26    3.15
 -38154.205    11.599    -1.19    3.14
 -37866.253    11.270    -1.14    3.00
 -37578.313    10.915    -1.23    3.31
 -37290.386    11.068     0.53    3.12
 -37002.473    11.264     0.68    3.13
 -36714.573    11.273     0.03    3.25
 -36426.686    11.703     1.50    3.41
 -36138.812    12.375     2.33    3.74
 -35850.952    12.390     0.05    4.16
 -35563.104    12.811     1.46    3.93
 -35275.270    12.556    -0.89    4.03
 -34987.449    12.234    -1.12    4.04
 -34699.641    12.057    -0.61    4.33
 -34411.847    11.614    -1.54    4.26
 -34124.065    11.158    -1.58    3.97
 -33836.297    10.903    -0.88    3.58
 -33548.541    11.249     1.20    3.27
 -33260.799    11.749     1.74    2.99
 -32973.070    12.067     1.10    2.55
 -32685.354    12.188     0.42    2.55
 -32397.652    12.151    -0.13    2.44
 -32109.962    11.749    -1.40    2.65
 -31822.286    11.143    -2.11    2.81
 -31534.623    10.519    -2.17    2.72
 -31246.972     9.446    -3.73    2.45
 -30959.335     9.068    -1.31    2.43
 -30671.711     8.927    -0.49    2.28
 -30384.101     8.446    -1.67    2.22
 -30096.503     7.659    -2.74    2.52
 -29808.919     7.234    -1.48    2.28
 -29521.347     6.703    -1.84    2.50
 -29233.789     6.285    -1.45    2.90
 -28946.244     5.605    -2.37    2.93
 -28658.712     4.643    -3.35    3.30
 -28371.193     3.987    -2.28    3.00
 -28083.687     3.571    -1.45    3.02
 -27796.194     3.673     0.35    3.38
 -27508.715     3.749     0.26    3.56
 -27221.248     3.688    -0.21    3.56
 -26933.795     4.037     1.21    3.38
 -26646.354     4.370     1.16    3.18
 -26358.927     4.897     1.83    2.82
 -26071.513     4.733    -0.57    2.19
 -25784.112     4.673    -0.21    2.23
 -25496.724     4.703     0.10    2.41
 -25209.349     4.607    -0.34    2.27
 -24921.987     4.688     0.28    2.54
 -24634.638     4.656    -0.11    2.58
 -24347.302     4.612    -0.15    2.68
 -24059.980     4.853     0.84    2.96
 -23772.670     4.885     0.11    3.55
 -23485.374     5.042     0.54    3.55
 -23198.090     4.978    -0.22    3.59
 -22910.820     4.808    -0.59    3.81
 -22623.562     4.857     0.17    3.91
 -22336.318     5.022     0.57    3.93
 -22049.087     5.446     1.48    3.71
 -21761.869     6.076     2.20    2.15
 -21474.664     6.226     0.52    2.46
 -21187.472     6.796     1.98    2.82
 -20900.293     6.870     0.26    2.82
 -20613.127     7.332     1.61    2.82
 -20325.529     6.900    -1.50    3.05
 -20035.532     6.811    -0.31    3.16
 -19745.547     6.355    -1.57    3.22
 -19455.577     5.657    -2.41    3.21
 -19165.619     4.779    -3.03    3.13
 -18875.675     4.180    -2.07    2.91
 -18585.744     3.688    -1.69    2.63
 -18295.826     3.249    -1.52    2.36
 -18005.922     2.778    -1.62    1.70
 -17716.031     2.626    -0.52    1.73
 -17426.153     2.268    -1.24    1.37
 -17136.289     2.203    -0.22    1.33
 -16846.438     2.141    -0.22    1.37
 -16556.600     2.067    -0.25    1.49
 -16266.776     1.976    -0.31    1.50
 -15976.965     1.946    -0.10    1.52
 -15687.167     2.242     1.02    1.56
 -15397.382     2.211    -0.11    1.62
 -15107.611     2.088    -0.42    1.50
 -14817.853     2.110     0.07    1.67
 -14528.108     1.946    -0.57    1.81
 -14238.377     1.749    -0.68    1.78
 -13948.659     1.794     0.15    1.91
 -13658.954     1.626    -0.58    1.81
 -13369.263     1.808     0.63    1.85
 -13079.584     1.848     0.14    2.00
 -12789.919     2.181     1.15    2.03
 -12500.268     2.552     1.28    2.08
 -12210.629     2.567     0.05    2.20
 -11921.004     2.549    -0.06    2.08
 -11631.392     2.814     0.91    2.11
 -11341.793     3.128     1.08    2.51
 -11052.208     3.053    -0.26    2.71
 -10762.636     2.931    -0.42    2.74
 -10473.077     2.796    -0.47    2.83
 -10183.531     2.643    -0.53    2.95
  -9893.999     2.703     0.21    2.70
  -9604.480     2.415    -0.99    2.20
  -9314.974     2.354    -0.21    1.84
  -9025.481     2.166    -0.65    1.74
  -8736.002     2.067    -0.34    1.75
  -8446.536     1.972    -0.33    1.75
  -8157.083     1.946    -0.09    1.78
  -7867.643     1.929    -0.06    2.10
  -7578.216     2.128     0.69    2.23
  -7288.803     2.422     1.02    2.45
  -6999.403     2.582     0.55    2.47
  -6710.016     2.643     0.21    2.47
  -6420.643     2.900     0.89    2.39
  -6131.282     3.242     1.18    2.39
  -5841.935     2.980    -0.90    2.07
  -5552.601     3.128     0.51    2.05
  -5263.280     3.084    -0.15    1.81
  -4973.973     3.196     0.38    1.70
  -4684.678     3.503     1.06    1.83
  -4395.397     3.673     0.59    1.81
  -4106.129     3.734     0.21    1.82
  -3816.874     3.629    -0.36    1.91
  -3527.633     3.703     0.26    2.14
  -3238.404     3.927     0.77    2.20
  -2949.189     4.128     0.69    2.32
  -2659.987     4.203     0.26    2.32
  -2370.798     4.057    -0.51    2.53
  -2081.622     3.370    -2.38    3.07
  -1792.460     3.188    -0.63    3.52
  -1503.310     2.252    -3.24    3.94
  -1214.174     0.718    -5.30    4.13
   -925.051    -0.558    -4.42    3.85
   -635.941    -0.924    -1.26    3.49
   -346.845    -0.651     0.94    3.62
    -57.761     0.173     2.85    3.70
    231.309     0.989     2.82    3.69
    520.366     1.794     2.79    3.56
    809.411     2.037     0.84    3.07
   1098.441     1.747    -1.00    3.19
   1387.459     1.249    -1.73    3.53
   1676.464     0.344    -3.13    3.60
   1965.455    -0.191    -1.85    3.46
   2254.434    -0.723    -1.84    3.26
   2543.399    -0.797    -0.26    3.14
   2832.351    -1.491    -2.40    2.94
   3121.290    -2.238    -2.59    2.28
   3410.216    -2.160     0.27    2.43
   3699.128    -1.743     1.45    2.82
   3988.028    -0.994     2.59    3.29
   4276.914    -0.047     3.28    3.54
   4565.788     1.264     4.54    3.47
   4854.648     2.582     4.56    2.87
   5143.495     3.479     3.11    1.95
   5432.329     3.825     1.19    1.60
   5721.150     3.855     0.10    1.68
   6009.958     3.589    -0.92    2.02
   6298.752     3.134    -1.57    2.20
   6587.534     3.032    -0.35    2.58
   6876.302     2.539    -1.71    2.67
   7165.058     2.461    -0.27    2.61
   7453.800     2.422    -0.13    2.66
   7742.529     3.037     2.13    2.84
   8031.245     3.910     3.02    2.95
   8319.948     4.106     0.68    2.77
   8608.638     5.181     3.72    2.94
   8897.315     5.491     1.07    2.78
   9185.979     5.539     0.17    2.72
   9474.629     5.882     1.19    2.84
   9763.267     6.084     0.70    2.89
  10051.891     6.488     1.40    3.03
  10340.503     6.411    -0.27    2.78
  10629.101     6.022    -1.35    2.57
  10917.687     6.037     0.05    2.50
  11206.259     6.106     0.24    2.45
  11494.818     5.919    -0.65    2.51
  11783.364     5.818    -0.35    2.37
  12071.897     5.718    -0.35    2.41
  12360.418     5.643    -0.26    2.49
  12648.925     5.256    -1.34    2.53
  12937.419     4.885    -1.28    2.59
  13225.899     4.218    -2.31    2.36
  13514.367     3.735    -1.68    2.02
  13802.822     3.673    -0.22    2.01
  14091.264     3.719     0.16    2.17
  14379.693     3.657    -0.21    2.03
  14668.109     3.497    -0.55    2.14
  14956.511     3.370    -0.44    1.90
  15244.901     3.446     0.26    1.88
  15533.278     3.123    -1.12    1.69
  15821.641     3.082    -0.14    1.74
  16109.992     2.910    -0.60    1.63
  16398.330     2.903    -0.02    1.58
  16686.654     3.143     0.83    1.58
  16974.966     3.052    -0.32    1.67
  17263.264     3.037    -0.05    1.89
  17551.550     2.814    -0.77    1.93
  17839.823     3.097     0.98    2.39
  18128.082     3.547     1.56    2.91
  18416.329     3.537    -0.04    2.99
  18704.562     4.165     2.18    3.52
  18992.783     4.749     2.03    3.47
  19280.991     5.057     1.07    3.39
  19569.185     5.825     2.66    3.30
  19857.367     5.465    -1.25    3.12
  20145.535     5.279    -0.65    2.78
  20433.691     5.128    -0.53    2.60
  20721.834     5.076    -0.18    2.34
  21009.964     5.057    -0.07    2.30
  21298.080     5.037    -0.07    2.25
  21586.184     5.128     0.32    2.41
  21874.275     5.429     1.05    2.42
  22162.353     5.718     1.00    2.41
  22450.418     5.629    -0.31    2.45
  22738.469     5.527    -0.35    2.76
  23026.508     5.793     0.92    3.01
  23314.534     6.334     1.88    3.13
  23602.548     6.402     0.23    3.10
  23890.548     7.180     2.70    4.88
  24178.535    13.047    20.37   20.92
  24466.509    25.446    43.06   36.74
  24754.470    32.968    26.12   38.65
  25042.419    36.584    12.56   38.72
  25330.354    39.491    10.10   38.84
  25618.276    40.470     3.40   39.43
  25906.186    34.942   -19.20   38.45
  26194.083    25.991   -31.09   33.66
  26481.966    13.599   -43.05   15.06
  26769.837     9.991   -12.53    2.79
  27057.695     9.870    -0.42    2.77
  27345.540    10.196     1.13    2.83
  27633.372    10.719     1.82    2.99
  27921.191    10.796     0.27    3.03
  28208.997    10.885     0.31    3.08
  28496.790    11.375     1.70    3.26
  28784.571    11.779     1.40    3.29
  29072.338    12.279     1.74    2.95
  29360.092    12.300     0.07    2.98
  29647.834    12.218    -0.28    2.92
  29935.563    12.494     0.96    2.78
  30223.279    12.522     0.10    2.72
  30510.982    12.825     1.05    2.81
  30798.672    12.991     0.58    2.54
  31086.349    12.931    -0.21    2.60
  31374.013    13.590     2.29    3.18
  31661.665    14.461     3.03    6.02
  31949.303    14.816     1.24    6.09
  32236.929    15.082     0.92    5.83
  32524.541    15.173     0.32    3.31
  32812.141    15.479     1.07    3.37
  33099.728    15.976     1.73    3.35
  33387.303    16.626     2.26    3.34
  33674.864    16.969     1.19    3.20
  33962.412    17.611     2.23    2.97
  34249.948    17.885     0.95    2.99
  34537.471    17.961     0.26    2.86
  34824.980    18.315     1.23    2.92
  35112.477    18.809     1.72    2.76
  35399.962    19.017     0.72    3.07
  35687.433    19.653     2.21    3.23
  35974.891    19.976     1.12    3.47
  36262.337    19.793    -0.64    3.71
  36549.770    20.047     0.88    4.03
  36837.190    21.325     4.45    8.14
  37124.597    22.143     2.85    9.71
  37411.991    24.188     7.12   12.51
  37699.372    23.656    -1.85   11.84
  37986.741    24.149     1.72   11.70
  38274.097    23.873    -0.96    9.71
  38561.440    25.853     6.89   12.02
  38848.770    30.688    16.83   24.47
  39136.087    46.128    53.73   50.66
  39423.392    54.344    28.60   58.40
  39710.683    59.370    17.49   61.74
  39997.962    56.897    -8.61   56.11
  40285.228    55.537    -4.73   50.33
  40572.482    54.567    -3.38   45.76
  40859.722    65.749    38.93   46.87
  41146.950    83.134    60.53   61.92
  41434.165   114.171   108.06   75.51
  41721.367   138.885    86.05   76.11
  42010.527   157.897    65.75   74.55
  42300.495   151.097   -23.45   75.96
  42590.449   144.242   -23.64   79.36
  42880.391   131.181   -45.05   84.37
  43170.319   110.026   -72.96   76.58
  43460.235    84.900   -86.66   59.04
  43750.137    75.719   -31.67   51.08
  44040.026    80.249    15.62   49.94
  44329.902    91.522    38.89   50.30
  44619.766   110.435    65.25   63.73
  44909.616   138.888    98.16   87.13
  45199.453   170.042   107.48   97.18
  45489.277   206.658   126.33  102.83
  45779.087   232.316    88.53   98.29
  46068.885   257.143    85.67   85.43
  46358.670   271.473    49.45   69.35
  46648.442   284.838    46.12   60.70
  46938.201   297.657    44.24   50.00
  47227.946   313.355    54.18   40.12
  47517.679   323.481    34.95   43.63
  47807.399   344.931    74.03   58.88
  48097.105   377.900   113.80   83.70
  48386.799   404.390    91.44   93.91
  48676.479   434.057   102.41   91.79
  48966.147   459.655    88.37   77.74
  49255.801   475.249    53.83   69.40
  49545.443   480.268    17.33   67.22
  49835.071   479.097    -4.04   65.06
  50124.687   476.143   -10.20   56.15
  50414.289   480.643    15.54   50.55
  50703.878   491.047    35.93   48.88
  50993.455   520.334   101.13   62.99
  51283.018   547.005    92.10   74.99
  51572.569   572.134    86.78   74.72
  51862.106   603.506   108.35   70.48
  52151.630   640.082   126.33   66.96
  52441.142   672.360   111.49   60.29
  52730.640   701.449   100.48   53.01
  53020.126   722.658    73.26   51.64
  53309.598   741.300    64.40   39.21
  53599.058   754.218    44.63   23.82
  53888.504   756.582     8.17   17.66
  54177.938   752.370   -14.55   16.44
  54467.358   750.426    -6.72   16.49
  54756.766   749.396    -3.56   16.21
  55046.161   747.005    -8.26   14.26
  55335.542   746.360    -2.23   15.69
  55624.911   745.796    -1.95   17.89
  55914.267   743.088    -9.36   21.01
  56203.609   743.073    -0.05   22.41
  56492.939   748.813    19.84   26.63
  56782.256   755.612    23.50   36.09
  57071.560   764.470    30.62   45.49
  57360.851   780.552    55.59   58.33
  57650.129   808.112    95.27   63.98
  57939.394   832.012    82.62   66.34
  58228.646   859.134    93.76   62.60
  58517.885   875.965    58.19   51.54
  58807.111   872.203   -13.00   66.48
  59096.325   867.781   -15.29   86.09
  59385.525   848.119   -67.99  109.26
  59674.712   831.309   -58.12  112.53
  59963.887   829.476    -6.34  105.75
  60253.049   831.549     7.17  110.71
  60542.197   857.022    88.09  120.63
  60831.333   876.737    68.18  123.00
  61120.456   911.249   119.36  120.63
  61409.566   935.778    84.84  119.88
  61698.663   973.644   130.98  105.43
  61987.747  1010.915   128.92   85.55
  62276.818  1044.011   114.48   67.65
  62565.876  1078.522   119.38   58.23
  62854.922  1107.148    99.03   58.02
  63143.954  1133.450    91.00   54.04
  63432.974  1157.415    82.92   47.89
  63721.980  1176.450    65.86   38.92
  64010.974  1193.794    60.01   37.65
  64299.955  1212.385    64.33   39.50
  64588.923  1230.020    61.02   37.87
  64877.878  1247.328    59.90   42.90
  65166.820  1273.659    91.12   45.72
  65455.750  1295.292    74.87   40.85
  65744.666  1313.503    63.03   42.45
  66033.570  1334.552    72.85   44.33
  66322.461  1350.134    53.94   37.86
  66611.339  1355.195    17.52   33.43
  66900.204  1353.584    -5.58   34.57
  67189.056  1349.082   -15.58   36.95
  67477.895  1346.336    -9.51   36.45
  67766.721  1345.300    -3.58   36.49
  68055.535  1348.097     9.68   38.66
  68344.336  1361.720    47.17   38.50
  68633.124  1373.340    40.23   38.11
  68921.899  1387.180    47.93   37.33
  69210.661  1400.491    46.09   31.19
  69499.410  1405.491    17.32   22.65
  69788.147  1405.796     1.05   24.18
  70076.870  1403.303    -8.63   30.17
  70365.581  1402.640    -2.30   34.00
  70654.279  1402.334    -1.06   41.89
  70942.964  1400.166    -7.51   45.56
  71231.636  1401.405     4.29   47.47
  71520.296  1402.763     4.70   47.42
  71808.943  1399.355   -11.81   47.53
  72097.576  1392.752   -22.87   41.44
  72386.197  1388.991   -13.03   28.51
  72674.806  1388.306    -2.37   24.00
  72963.401  1384.119   -14.51   24.08
  73251.983  1383.567    -1.91   23.82
  73540.553  1389.365    20.09   26.41
  73829.110  1398.473    31.56   32.91
  74117.654  1412.275    47.83   38.23
  74406.186  1427.396    52.40   41.96
  74694.704  1445.625    63.18   35.98
  74983.210  1459.734    48.90   32.26
  75271.703  1473.688    48.37   28.28
  75560.183  1479.976    21.80   29.48
  75848.650  1486.037    21.01   34.01
  76137.105  1496.476    36.19   39.85
  76425.547  1500.929    15.44   39.47
  76713.976  1499.082    -6.40   39.83
  77002.392  1496.628    -8.51   40.83
  77290.795  1495.006    -5.62   39.21
  77579.186  1488.426   -22.81   39.63
  77867.564  1490.100     5.80   39.69
  78155.929  1494.688    15.91   42.47
  78444.282  1507.913    45.86   42.91
  78732.621  1521.264    46.30   45.80
  79020.948  1536.057    51.30   45.27
  79309.262  1552.946    58.57   33.06
  79597.563  1559.703    23.44   22.46
  79885.852  1557.931    -6.15   24.07
  80174.128  1551.933   -20.80   25.25
  80462.391  1544.809   -24.71   25.90
  80750.641  1531.519   -46.11   27.78
  81038.879  1522.643   -30.79   25.48
  81327.104  1515.658   -24.23   25.06
  81615.316  1512.433   -11.19   25.19
  81903.515  1513.325     3.09   24.99
  82191.702  1513.574     0.87   27.90
  82479.875  1519.537    20.69   29.47
  82768.037  1528.793    32.12   27.81
  83056.185  1535.867    24.55   25.62
  83344.321  1542.196    21.96   21.61
  83632.444  1544.365     7.53   20.04
  83920.554  1544.621     0.89   20.27
  84208.651  1544.103    -1.80   19.23
  84496.736  1536.673   -25.79   23.94
  84784.808  1523.842   -44.54   33.39
  85072.868  1509.309   -50.45   41.22
  85360.914  1490.626   -64.86   45.07
  85648.948  1472.873   -61.63   40.45
  85936.970  1462.655   -35.47   36.49
  86224.978  1458.134   -15.70   33.11
  86512.974  1456.779    -4.70   31.27
  86800.957  1458.196     4.92   30.73
  87088.928  1460.808     9.07   30.73
  87376.885  1465.522    16.37   30.09
  87664.831  1468.574    10.60   26.30
  87952.763  1465.688   -10.02   24.09
  88240.683  1469.445    13.05   24.00
  88528.590  1470.103     2.29   25.68
  88816.484  1470.082    -0.07   29.49
  89104.366  1472.067     6.89   31.98
  89392.235  1471.855    -0.74   35.19
  89680.091  1474.929    10.68   36.60
  89967.935  1474.112    -2.84   38.30
  90255.766  1475.481     4.75   37.01
  90543.584  1479.552    14.14   37.62
  90831.390  1483.226    12.77   35.43
  91119.183  1485.628     8.34   31.48
  91406.963  1490.119    15.61   27.72
  91694.731  1492.082     6.82   25.60
  91982.486  1495.639    12.36   26.23
  92270.228  1499.097    12.02   29.07
  92557.958  1504.442    18.57   27.50
  92845.675  1501.961    -8.62   29.99
  93133.380  1499.143    -9.79   29.89
  93421.071  1494.465   -16.26   28.76
  93708.751  1492.582    -6.55   26.97
  93996.417  1487.348   -18.19   22.64
  94284.071  1489.825     8.61   22.02
  94571.712  1492.987    10.99   21.80
  94859.341  1497.355    15.18   21.40
  95146.957  1505.569    28.56   19.95
  95434.561  1509.734    14.48   19.53
  95722.151  1512.195     8.56   18.49
  96009.729  1510.400    -6.24   19.26
  96297.295  1506.021   -15.23   22.51
  96584.848  1500.234   -20.12   26.61
  96872.388  1489.838   -36.15   34.51
  97159.916  1478.719   -38.67   43.84
  97447.431  1461.734   -59.07   48.59
  97734.934  1451.894   -34.22   50.19
  98022.424  1445.643   -21.74   49.13
  98309.901  1440.396   -18.25   45.73
  98597.366  1433.415   -24.28   40.50
  98884.818  1427.549   -20.41   33.74
  99172.257  1424.673   -10.01   28.81
  99459.684  1424.406    -0.93   32.83
  99747.098  1428.976    15.90   36.34
 100034.500  1433.042    14.15   40.77
 100321.889  1441.957    31.02   40.44
 100609.266  1448.411    22.46   36.40
 100896.630  1455.037    23.05   33.50
 101183.982  1457.156     7.38   30.96
 101471.320  1460.735    12.45   28.48
 101758.647  1464.370    12.65   25.54
 102045.960  1470.332    20.75   22.66
 102333.262  1477.158    23.76   22.10
 102620.550  1478.987     6.37   23.71
 102907.826  1477.234    -6.10   27.71
 103195.090  1481.987    16.55   30.48
 103482.341  1489.016    24.47   33.00
 103769.579  1495.326    21.97   30.29
 104057.514  1498.273    10.23   27.20
 104347.475  1501.094     9.73   26.50
 104637.423  1502.522     4.92   28.30
 104927.358  1499.158   -11.60   35.23
 105217.281  1496.141   -10.41   35.34
 105507.190  1482.149   -48.26   41.74
 105797.087  1473.767   -28.91   40.80
 106086.971  1461.537   -42.19   42.54
 106376.842  1447.808   -47.36   41.84
 106666.700  1432.340   -53.36   38.24
 106956.546  1421.450   -37.57   34.45
 107246.378  1408.426   -44.93   29.18
 107536.198  1396.003   -42.86   34.19
 107826.005  1388.396   -26.25   35.64
 108115.800  1382.888   -19.00   34.36
 108405.581  1370.965   -41.14   44.57
 108695.350  1339.642  -108.09   81.57
 108985.106  1293.319  -159.86  117.18
 109274.849  1226.165  -231.75  153.48
 109564.579  1156.846  -239.23  181.71
 109854.297  1080.006  -265.20  190.29
 110144.002   996.882  -286.90  194.10
 110433.694   929.375  -233.01  179.11
 110723.373   897.211  -111.02  156.81
 111013.039   853.764  -149.98  142.49
 111302.693   839.303   -49.92  142.50
 111592.334   812.796   -91.51  145.78
 111881.962   777.853  -120.64  165.87
 112171.578   774.277   -12.35  178.71
 112461.180   762.173   -41.79  185.08
 112750.770   740.612   -74.45  184.13
 113040.347   701.291  -135.78  179.90
 113329.912   682.053   -66.43  174.11
 113619.463   630.946  -176.49  179.53
 113909.002   560.400  -243.63  194.00
 114198.529   499.012  -212.01  187.51
 114488.042   454.718  -152.98  162.80
 114777.543   411.172  -150.41  135.66
 115067.031   394.020   -59.24  121.88
 115356.506   407.082    45.12  131.39
 115645.968   467.629   209.15  184.60
 115935.418   525.793   200.93  222.58
 116224.855   601.628   261.98  252.95
 116514.279   696.315   327.13  260.82
 116803.691   788.195   317.44  225.69
 117093.090   848.873   209.65  173.26
 117382.476   873.610    85.47  125.49
 117671.850   863.980   -33.27  111.18
 117961.210   849.385   -50.43  110.68
 118250.558   825.567   -82.31  106.34
 118539.894   773.596  -179.61   97.10
 118829.216   747.003   -91.90   74.10
 119118.526   713.340  -116.35   79.40
 119407.823   687.002   -91.03   82.90
 119697.108   657.957  -100.39   91.70
 119986.380   618.779  -135.42   94.65
 120275.639   571.411  -163.74  102.94
 120564.885   522.074  -170.55  116.52
 120854.119   461.218  -210.38  126.68
 121143.340   406.687  -188.53  126.90
 121432.549   330.052  -264.96  138.91
 121721.744   276.734  -184.35  138.96
 122010.927   220.522  -194.36  124.55
 122300.098   168.734  -179.07   99.75
 122589.255   134.605  -118.02   94.87
 122878.400   103.294  -108.28   81.83
 123167.533    72.703  -105.79   60.19
 123456.652    54.867   -61.68   42.10
 123745.759    49.855   -17.34   32.88
 124034.854    49.809    -0.16   35.07
 124323.936    49.397    -1.43   34.46
 124613.005    48.491    -3.13   38.86
 124902.061    46.862    -5.64   41.99
 125191.105    43.380   -12.04   45.70
 125480.136    39.097   -14.82   46.18
 125769.154    28.506   -36.64   39.56
 126058.160    18.257   -35.46   28.16
 126347.153    12.624   -19.49   22.64
 126636.134    15.580    10.23   22.97
 126925.102    15.141    -1.52   21.35
 127214.057    13.112    -7.02   19.39
 127503.000     9.473   -12.60   17.76
 127791.930     8.097    -4.76   17.34
 128080.847     6.526    -5.44   16.51
 128369.752     3.264   -11.29   17.21
 128658.644     0.284   -10.31   17.24
 128947.524    -1.804    -7.23   17.93
 129236.391    -6.115   -14.92   15.82
 129525.245   -11.481   -18.58   12.54
 129814.087   -15.812   -14.99    7.04
 130102.916   -18.154    -8.11    5.41
 130391.732   -19.712    -5.39    4.56
 130680.536   -20.995    -4.44    3.79
 130969.327   -21.651    -2.27    3.53
 131258.106   -21.851    -0.69    3.00
 131546.872   -22.130    -0.97    2.50
 131835.626   -22.156    -0.09    2.56
 132124.367   -21.984     0.60    2.47
 132413.095   -21.838     0.51    2.35
 132701.811   -22.130    -1.01    2.22
 132990.514   -22.282    -0.52    2.18
 133279.204   -22.600    -1.10    2.16
 133567.882   -22.881    -0.98    2.07
 133856.548   -23.451    -1.97    2.05
 134145.201   -23.805    -1.23    2.05
 134433.841   -24.122    -1.10    1.87
 134722.468   -24.328    -0.71    1.74
 135011.084   -24.554    -0.78    1.78
 135299.686   -24.789    -0.81    1.60
 135588.276   -24.640     0.51    1.73
 135876.854   -24.539     0.35    1.87
 136165.419   -24.413     0.44    1.96
 136453.971   -24.766    -1.22    2.00
 136742.511   -24.983    -0.75    2.04
 137031.038   -25.118    -0.47    2.04
 137319.553   -25.252    -0.47    2.16
 137608.055   -25.851    -2.07    2.01
 137896.544   -26.603    -2.61    1.85
 138185.021   -26.881    -0.96    1.62
 138473.486   -27.062    -0.63    1.71
 138761.938   -27.175    -0.39    1.74
 139050.377   -27.066     0.38    1.68
 139338.804   -27.328    -0.91    1.63
 139627.219   -27.312     0.06    1.82
 139915.620   -27.575    -0.91    1.90
 140204.010   -28.047    -1.63    1.64
 140492.387   -28.431    -1.33    1.56
 140780.751   -28.706    -0.95    1.42
 141069.103   -29.043    -1.17    1.15
 141357.442   -28.994     0.17    1.19
 141645.769   -28.974     0.07    1.36
 141934.083   -28.569     1.40    1.81
 142222.385   -28.519     0.18    1.80
 142510.674   -28.327     0.66    1.87
 142798.951   -28.206     0.42    1.79
 143087.215   -27.866     1.18    2.05
 143375.467   -27.140     2.52    2.55
 143663.706   -27.646    -1.75    3.00
 143951.933   -27.404     0.84    3.20
 144240.147   -27.203     0.70    3.23
 144528.349   -26.372     2.88    3.42
 144816.538   -25.974     1.38    3.46
 145104.715   -26.069    -0.33    3.20
 145392.879   -26.125    -0.19    2.97
 145681.031   -25.481     2.23    2.13
 145969.171   -25.732    -0.87    2.23
 146257.298   -26.127    -1.37    2.01
 146545.412   -26.706    -2.01    1.68
 146833.514   -26.958    -0.88    1.75
 147121.604   -27.047    -0.31    1.93
 147409.681   -27.035     0.04    2.23
 147697.745   -27.250    -0.75    2.29
 147985.797   -27.281    -0.11    2.34
 148273.837   -27.453    -0.60    2.31
 148561.864   -27.266     0.65    2.40
 148849.879   -27.112     0.54    2.36
 149137.881   -26.812     1.04    2.23
 149425.871   -26.604     0.72    2.15
 149713.849   -26.580     0.08    2.23
 150001.814   -26.797    -0.75    2.29
 150289.766   -27.073    -0.96    2.31
 150577.706   -27.357    -0.99    2.22
 150865.634   -27.864    -1.76    1.72
 151153.549   -27.782     0.29    1.74
 151441.452   -27.789    -0.03    1.87
 151729.343   -27.989    -0.70    1.69
 152017.221   -27.963     0.09    1.52
 152305.086   -27.933     0.11    1.75
 152592.939   -28.009    -0.26    1.94
 152880.780   -27.872     0.47    1.97
 153168.608   -28.004    -0.46    2.16
 153456.424   -27.592     1.43    2.35
 153744.228   -27.085     1.76    2.42
 154032.019   -26.989     0.33    2.50
 154319.798   -27.076    -0.30    2.51
 154607.564   -27.112    -0.12    2.53
 154895.318   -27.009     0.36    2.50
 155183.059   -26.571     1.52    2.44
 155470.788   -26.857    -1.00    2.33
 155758.505   -26.764     0.32    2.33
 156046.209   -26.881    -0.41    2.05
 156333.901   -26.451     1.50    2.10
 156621.581   -26.574    -0.43    2.07
 156909.248   -26.327     0.86    2.44
 157196.903   -25.942     1.34    2.33
 157484.545   -25.842     0.35    2.37
 157772.175   -25.813     0.10    2.38
 158059.793   -26.189    -1.31    2.53
 158347.398   -26.797    -2.11    2.34
 158634.991   -26.963    -0.58    2.08
 158922.571   -27.020    -0.20    2.05
 159210.139   -27.342    -1.12    2.04
 159497.695   -27.413    -0.25    1.91
 159785.239   -27.172     0.84    2.19
 160072.770   -26.849     1.12    2.30
 160360.288   -26.371     1.66    2.22
 160647.795   -26.127     0.85    2.42
 160935.289   -26.085     0.15    2.36
 161222.770   -25.884     0.70    2.22
 161510.240   -25.694     0.66    2.38
 161797.697   -25.912    -0.76    2.21
 162085.141   -26.389    -1.66    2.18
 162372.574   -26.782    -1.37    2.08
 162659.994   -26.909    -0.44    2.30
 162947.401   -26.706     0.71    2.48
 163234.797   -26.788    -0.29    2.45
 163522.180   -26.758     0.11    2.39
 163809.550   -26.743     0.05    2.42
 164096.909   -26.812    -0.24    2.43
 164384.255   -26.451     1.26    2.78
 164671.588   -26.422     0.10    2.65
 164958.910   -26.122     1.04    2.70
 165246.219   -25.478     2.24    2.83
 165533.515   -25.168     1.08    2.88
 165820.800   -24.697     1.64    3.10
 166108.072   -25.085    -1.35    3.08
 166397.530   -25.327    -0.84    2.96
 166687.467   -25.812    -1.67    2.94
 166977.391   -26.329    -1.78    2.79
 167267.303   -26.948    -2.14    2.54
 167557.202   -27.619    -2.31    1.99
 167847.088   -27.706    -0.30    2.06
 168136.962   -27.881    -0.61    1.84
 168426.824   -28.039    -0.54    1.57
 168716.672   -28.281    -0.84    1.63
 169006.509   -28.435    -0.53    1.59
 169296.332   -28.119     1.09    1.90
 169586.143   -27.497     2.15    2.51
 169875.942   -26.948     1.89    2.82
 170165.728   -26.527     1.45    2.90
 170455.502   -26.094     1.50    2.65
 170745.263   -25.656     1.51    2.50
 171035.011   -25.614     0.14    2.41
 171324.747   -25.455     0.55    2.58
 171614.470   -25.678    -0.77    2.65
 171904.181   -25.989    -1.07    2.55
 172193.880   -26.265    -0.95    2.37
 172483.565   -26.074     0.66    2.74
 172773.239   -25.842     0.80    2.71
 173062.899   -25.490     1.21    2.76
 173352.548   -25.039     1.56    3.06
 173642.183   -24.512     1.82    3.02
 173931.807   -24.418     0.33    3.21
 174221.417   -24.859    -1.52    3.38
 174511.016   -25.433    -1.98    3.21
 174800.601   -25.603    -0.59    3.05
 175090.175   -25.585     0.06    3.17
 175379.735   -25.343     0.83    3.22
 175669.284   -24.604     2.55    3.45
 175958.819   -23.578     3.54    3.25
 176248.343   -23.248     1.14    3.11
 176537.853   -23.691    -1.53    3.01
 176827.352   -23.942    -0.87    2.90
 177116.838   -24.235    -1.01    2.98
 177406.311   -24.918    -2.36    2.82
 177695.772   -25.221    -1.05    2.56
 177985.220   -25.327    -0.37    2.52
 178274.656   -25.547    -0.76    2.65
 178564.079   -25.547     0.00    2.83
 178853.490   -25.681    -0.47    2.61
 179142.889   -25.857    -0.61    2.72
 179432.275   -25.968    -0.38    2.68
 179721.649   -26.235    -0.92    2.46
 180011.010   -26.220     0.05    2.76
 180300.358   -26.313    -0.32    2.59
 180589.694   -25.375     3.24    3.26
 180879.018   -24.500     3.02    3.23
 181168.330   -23.589     3.15    3.39
 181457.628   -23.234     1.23    3.35
 181746.915   -22.725     1.76    3.22
 182036.189   -22.191     1.85    2.90
 182325.450   -22.539    -1.20    2.72
 182614.699   -22.866    -1.13    2.82
 182903.936   -23.133    -0.92    2.90
 183193.160   -23.600    -1.62    3.05
 183482.372   -24.088    -1.69    3.17
 183771.572   -24.281    -0.67    3.19
 184060.758   -24.563    -0.98    3.32
 184349.933   -25.051    -1.68    3.21
 184639.095   -25.297    -0.85    2.89
 184928.245   -25.554    -0.89    2.82
 185217.382   -24.835     2.49    3.15
 185506.507   -24.625     0.73    2.93
 185795.619   -24.106     1.79    2.83
 186084.719   -22.963     3.95    3.11
 186373.807   -22.343     2.15    2.97
 186662.882   -21.958     1.33    2.95
 186951.945   -22.222    -0.91    2.87
 187240.996   -22.297    -0.26    2.84
 187530.034   -22.015     0.97    2.86
 187819.059   -21.530     1.68    3.01
 188108.073   -21.585    -0.19    2.76
 188397.073   -21.983    -1.38    2.85
 188686.062   -22.655    -2.32    3.19
 188975.038   -23.491    -2.89    3.28
 189264.002   -24.327    -2.90    3.24
 189552.953   -25.490    -4.02    2.60
 189841.892   -25.948    -1.58    2.26
 190130.819   -26.265    -1.10    1.81
 190419.733   -26.406    -0.49    1.45
 190708.635   -26.406     0.00    1.44
 190997.524   -26.376     0.10    1.54
 191286.401   -26.078     1.03    2.00
 191575.266   -26.006     0.25    1.94
 191864.118   -25.727     0.97    2.15
 192152.958   -25.420     1.07    2.29
 192441.786   -25.133     0.99    2.52
 192730.601   -25.145    -0.04    2.66
 193019.404   -25.645    -1.73    2.47
 193308.195   -26.113    -1.62    2.40
 193596.973   -26.297    -0.63    2.22
 193885.739   -26.656    -1.24    1.93
 194174.493   -27.004    -1.21    1.75
 194463.234   -27.435    -1.49    1.54
 194751.963   -27.656    -0.77    1.64
 195040.680   -27.900    -0.84    1.71
 195329.384   -28.327    -1.48    1.80
 195618.076   -28.932    -2.09    1.83
 195906.755   -29.375    -1.54    1.61
 196195.423   -29.666    -1.01    1.49
 196484.078   -29.681    -0.05    1.34
 196772.720   -29.620     0.21    1.50
 197061.351   -29.426     0.67    1.48
 197349.969   -29.297     0.45    1.59
 197638.574   -29.119     0.61    1.72
 197927.168   -29.463    -1.19    1.94
 198215.749   -29.420     0.15    1.99
 198504.318   -29.463    -0.15    2.06
 198792.874   -29.497    -0.12    1.95
 199081.418   -29.297     0.69    2.17
 199369.950   -28.739     1.93    2.22
 199658.470   -28.160     2.01    1.91
 199946.977   -27.903     0.89    1.98
 200235.472   -27.615     1.00    1.94
 200523.955   -27.543     0.25    1.90
 200812.425   -27.500     0.15    1.88
 201100.883   -27.281     0.76    1.74
 201389.329   -27.200     0.28    1.79
 201677.763   -26.969     0.80    1.78
 201966.184   -26.706     0.91    1.68
 202254.593   -26.594     0.39    1.65
 202542.990   -26.281     1.08    1.46
 202831.374   -26.189     0.32    1.88
 203119.747   -25.847     1.19    2.00
 203408.106   -25.234     2.12    2.41
 203696.454   -24.237     3.46    3.05
 203984.790   -23.463     2.68    3.17
 204273.113   -22.879     2.03    2.98
 204561.424   -21.989     3.09    2.90
 204849.722   -21.526     1.61    2.81
 205138.009   -21.600    -0.25    2.94
 205426.283   -21.709    -0.38    2.81
 205714.545   -21.953    -0.84    2.66
 206002.795   -21.927     0.09    2.92
 206291.032   -21.437     1.70    2.89
 206579.257   -21.297     0.49    2.75
 206867.470   -21.392    -0.33    2.46
 207155.671   -21.527    -0.47    2.34
 207443.859   -21.189     1.17    2.28
 207732.036   -21.158     0.11    2.32
 208020.200   -21.191    -0.11    2.01
 208308.352   -20.943     0.86    2.19
 208596.491   -20.690     0.88    2.56
 208884.619   -20.515     0.61    2.43
 209172.734   -20.635    -0.42    2.36
 209460.837   -20.251     1.33    2.34
 209748.927   -20.420    -0.58    2.41
 210037.006   -20.625    -0.71    2.30
 210325.072   -20.836    -0.73    2.20
 210613.126   -21.039    -0.70    2.16
 210901.168   -21.232    -0.67    2.02
 211189.198   -21.204     0.10    2.03
 211477.215   -20.974     0.80    2.26
 211765.221   -20.927     0.16    2.15
 212053.214   -21.156    -0.79    2.20
 212341.195   -21.377    -0.77    2.11
 212629.164   -21.266     0.39    2.10
 212917.120   -21.329    -0.22    2.14
 213205.064   -21.127     0.70    2.12
 213492.997   -21.191    -0.22    1.97
 213780.917   -20.879     1.08    2.03
 214068.824   -20.371     1.76    1.90
 214356.720   -19.697     2.34    1.77
 214644.604   -19.280     1.45    2.04
 214932.475   -18.844     1.52    2.34
 215220.334   -18.461     1.33    2.35
 215508.181   -18.058     1.40    2.39
 215796.016   -18.145    -0.30    2.38
 216083.839   -18.266    -0.42    2.33
 216371.649   -17.861     1.41    2.39
 216659.447   -17.857     0.01    2.39
 216947.234   -17.503     1.23    2.25
 217235.008   -17.687    -0.64    2.27
 217522.769   -17.691    -0.01    2.44
 217810.519   -17.512     0.62    2.36
 218098.257   -17.478     0.12    2.40
 218385.982   -17.877    -1.39    2.62
 218673.696   -18.085    -0.72    2.56
 218961.397   -18.109    -0.09    2.53
 219249.086   -18.112    -0.01    2.58
 219536.763   -18.158    -0.16    2.49
 219824.427   -17.812     1.20    2.62
 220112.080   -17.859    -0.16    2.54
 220399.721   -17.547     1.09    2.71
 220687.349   -17.232     1.09    2.75
 220974.965   -16.989     0.85    2.67
 221262.569   -16.797     0.67    2.46
 221550.162   -16.727     0.24    2.35
 221837.741   -16.451     0.96    2.45
 222125.309   -16.174     0.96    2.24
 222412.865   -16.122     0.18    2.27
 222700.409   -15.535     2.04    2.39
 222987.940   -15.189     1.20    2.61
 223275.459   -14.681     1.77    2.91
 223562.967   -13.989     2.41    2.98
 223850.462   -13.203     2.73    3.09
 224137.945   -12.251     3.31    3.55
 224425.416   -11.130     3.90    3.84
 224712.875   -10.500     2.19    4.38
 225000.322    -9.267     4.29    4.01
 225287.757    -7.706     5.43    5.04
 225575.179    -6.521     4.12    5.04
 225862.590    -5.085     5.00    5.27
 226149.988    -3.763     4.60    4.93
 226437.375    -1.963     6.26    6.29
 226724.749    -0.424     5.36    6.66
 227012.111     1.344     6.15    7.33
 227299.462     3.319     6.87    8.82
 227586.800     6.797    12.10    9.79
 227874.126     9.021     7.74    9.89
 228161.440    11.926    10.11   10.58
 228449.751    13.132     4.18   11.79
 228739.682    14.799     5.75   12.40
 229029.600    16.688     6.52   12.84
 229319.506    18.612     6.64   12.63
 229609.399    20.891     7.86   12.92
 229899.281    22.494     5.53   13.13
 230189.149    24.294     6.21   12.93
 230479.006    25.021     2.51   13.09
 230768.850    27.870     9.83   13.21
 231058.682    30.903    10.46   13.60
 231348.502    33.385     8.56   12.23
 231638.309    33.766     1.31   10.69
 231928.105    36.088     8.01    8.79
 232217.887    38.187     7.24    7.61
 232507.658    39.642     5.02    8.55
 232797.416    40.794     3.98    9.99
 233087.162    43.328     8.74   11.06
 233376.896    45.703     8.20   11.00
 233666.617    48.406     9.33    8.89
 233956.327    51.132     9.41    8.71
 234246.023    51.037    -0.33    9.26
 234535.708    52.642     5.54   11.05
 234825.380    54.626     6.85   12.23
 235115.041    56.132     5.20   11.91
 235404.688    58.252     7.32   13.51
 235694.324    57.643    -2.10   14.05
 235983.947    57.784     0.49   14.43
 236273.558    54.549   -11.17   12.47
 236563.157    51.149   -11.74    9.32
 236852.744    48.506    -9.13    9.00
 237142.318    46.457    -7.08    9.54
 237431.880    43.703    -9.51   10.26
 237721.430    42.737    -3.34   11.10
 238010.968    42.642    -0.33   12.50
 238300.493    44.415     6.13   14.05
 238590.006    44.473     0.20   15.42
 238879.507    44.500     0.10   15.60
 239168.996    43.549    -3.28   16.38
 239458.472    43.005    -1.88   17.45
 239747.937    42.563    -1.53   17.76
 240037.389    41.811    -2.60   17.62
 240326.828    40.328    -5.12   17.47
 240616.256    39.781    -1.89   16.89
 240905.671    37.574    -7.62   12.81
 241195.074    38.097     1.81   12.35
 241484.465    36.832    -4.37   10.41
 241773.844    36.235    -2.07    9.21
 242063.211    34.522    -5.92    6.49
 242352.565    33.688    -2.88    6.96
 242641.907    32.406    -4.43    7.80
 242931.237    29.875    -8.75    8.80
 243220.555    27.520    -8.14    8.10
 243509.860    25.519    -6.92    8.71
 243799.153    25.062    -1.58    8.68
 244088.435    24.673    -1.34    9.36
 244377.704    25.143     1.62   10.19
 244666.960    26.857     5.93   11.13
 244956.205    29.736     9.95   10.67
 245245.437    31.534     6.22    9.79
 245534.658    33.226     5.85    8.49
 245823.866    32.888    -1.17    7.98
 246113.062    32.842    -0.16    7.95
 246402.245    30.433    -8.33    9.70
 246691.417    26.985   -11.92   10.77
 246980.576    23.671   -11.46   10.39
 247269.723    19.534   -14.30   10.68
 247558.859    16.552   -10.31    9.44
 247847.981    17.037     1.68    9.25
 248137.092    17.380     1.19    8.94
 248426.191    18.953     5.44    9.09
 248715.277    20.820     6.46    8.90
 249004.352    21.156     1.16    8.39
 249293.414    19.181    -6.83    9.26
 249582.464    17.279    -6.58    9.82
 249871.502    13.748   -12.21   10.01
 250160.527    10.042   -12.82    8.69
 250449.541     7.638    -8.32    7.73
 250738.542     4.857    -9.62    6.12
 251027.532     3.406    -5.02    5.03
 251316.509     2.985    -1.46    4.92
 251605.474     2.488    -1.72    4.52
 251894.427     2.334    -0.53    4.83
 252183.368     2.418     0.29    4.55
 252472.296     2.735     1.10    5.39
 252761.213     3.266     1.84    5.53
 253050.117     4.903     5.67    6.67
 253339.010     6.446     5.34    7.51
 253627.890     8.319     6.48    8.27
 253916.758    10.734     8.36    9.97
 254205.614    13.203     8.55   10.23
 254494.458    14.549     4.66    9.61
 254783.290    17.453    10.05    8.77
 255072.110    19.628     7.53    9.07
 255360.917    20.519     3.09    9.22
 255649.713    21.734     4.21    9.95
 255938.496    22.687     3.30    9.34
 256227.267    23.703     3.52    9.62
 256516.027    22.961    -2.57    9.23
 256804.774    21.969    -3.44    9.30
 257093.509    21.565    -1.40    9.19
 257382.232    23.203     5.67    9.51
 257670.943    24.957     6.07   10.32
 257959.642    25.016     0.20   10.74
 258248.328    26.926     6.61   11.37
 258537.003    30.828    13.52   11.90
 258825.666    34.226    11.77   11.20
 259114.316    37.396    10.98   11.63
 259402.955    39.116     5.96   11.29
 259691.581    42.171    10.58   10.30
 259980.196    44.022     6.41    8.67
 260268.798    45.155     3.93    8.74
 260557.388    44.996    -0.55    9.59
 260845.967    42.749    -7.78   11.01
 261134.533    39.349   -11.78   11.17
 261423.087    37.473    -6.50   11.10
 261711.629    36.969    -1.75   11.11
 262000.159    37.237     0.93   11.02
 262288.677    38.349     3.86   11.93
 262577.183    39.584     4.28   12.51
 262865.677    42.599    10.45   13.39
 263154.159    43.143     1.88   14.23
 263442.629    43.673     1.84   14.68
 263731.086    43.219    -1.57   13.96
 264019.532    43.934     2.48   13.87
 264307.966    43.719    -0.75   12.70
 264596.388    46.903    11.04   15.95
 264884.797    47.888     3.41   16.63
 265173.195    53.000    17.72   24.93
 265461.581    55.656     9.21   29.43
 265749.954    59.418    13.04   31.94
 266038.316    61.112     5.88   32.34
 266326.666    60.473    -2.22   31.41
 266615.003    61.236     2.65   31.17
 266903.329    62.740     5.22   29.44
 267191.643    62.820     0.28   27.86
