#   69.302   0.166   2.980 ;Mean Elev.(m), Avg Gradient(m/km), RMS Gradient(m/km) - SRTM1     
#   60.325   0.200   4.769 ;Mean Elev.(m), Avg Gradient(m/km), RMS Gradient(m/km) - ASTER GDEM
#   67.716   0.157   2.981 ;Mean Elev.(m), Avg Gradient(m/km), RMS Gradient(m/km) - GMTED2010 
   2  93.483597  26.751967    75.242    75.238  4 54671.02712437 47.720
   3  93.481837  26.752125    69.412    69.616  4 54680.94276787 30.736
   4  93.483032  26.752316    73.847    73.789  3 54690.85841042 48.712
   5  93.485918  26.750505    71.061    71.062  3 54700.77405038 34.453
   6  93.487081  26.749309    75.629    75.544  3 54710.68969621 47.294
   7  93.486084  26.751298    74.777    74.765  3 54720.60534756 48.318
   8  93.482770  26.751924    72.928    72.917  4 54730.52099604 46.799
   9  93.480062  26.753733    72.595    72.634  5 54740.43664349 47.054
  10  93.479110  26.755186    72.403    72.384  6 54750.35229115 45.441
  11  93.478284  26.753905    71.193    71.237  6 54760.26793815 38.361
  12  93.479520  26.753791    72.158    72.167  5 54770.18358320 47.787
  13  93.481259  26.753641    70.030    70.039  4 54780.09922491 44.463
  14  93.482886  26.753640    69.356    69.367  4 54790.01486387 45.193
  15  93.483487  26.752849    69.161    69.050  4 54799.93050124 42.259
  16  93.484440  26.751775    68.912    68.846  4 54809.84613851 45.378
  17  93.486047  26.750554    68.955    68.971  3 54819.76177677 45.571
  18  93.484576  26.751083    68.403    68.293  4 54829.67742879 46.928
  19  93.482301  26.752849    68.787    68.746  5 54839.59306765 38.332
  20  93.478350  26.753785    67.898    67.945  6 54849.50871663 35.371
  21  93.476056  26.756061    68.622    68.915  6 54859.42436575 26.374
  22  93.476582  26.760098    67.692    67.670  4 54869.34001567 35.389
  23  93.475883  26.756267    67.596    67.502  6 54879.25566295 37.019
  24  93.478418  26.755956    70.451    70.784  6 54889.17130798 24.505
  25  93.479191  26.755873    68.258    68.179  6 54899.08694955 34.498
  26  93.477489  26.754928    68.529    68.538  6 54909.00258807 37.149
  27  93.477394  26.756020    68.209    68.163  6 54918.91822563 36.435
  28  93.478614  26.754372    68.739    68.781  6 54928.83386245 39.371
  29  93.482095  26.751938    69.543    69.407  4 54938.74949847 36.560
  30  93.486455  26.750164    71.336    71.300  4 54948.66513306 48.525
  31  93.489301  26.749586    70.631    70.622  3 54958.58076957 45.959
  32  93.486666  26.749747    70.896    70.891  4 54968.49641777 49.622
  33  93.484764  26.751754    71.835    71.652  3 54978.41206554 45.888
  34  93.482854  26.752173    71.392    71.375  4 54988.32771304 46.195
  35  93.481967  26.751952    72.173    72.198  4 54998.24336069 47.404
  36  93.481985  26.753034    72.297    72.274  4 55008.15900684 46.937
  37  93.481387  26.753071    74.696    74.651  5 55018.07465063 47.536
  38  93.480310  26.753807    73.773    73.745  6 55027.99029296 48.538
  39  93.479569  26.754515    73.189    73.166  6 55037.90593465 42.695
  40  93.481211  26.754450    74.063    74.084  5 55047.82157523 49.532
  41  93.484392  26.751841    74.639    74.627  3 55057.73721346 39.109
  42  93.487757  26.750033    75.138    75.200  3 55067.65285084 46.868
  43  93.486082  26.750606    73.568    73.555  3 55077.56850087 50.789
  44  93.482508  26.752119    72.621    72.609  4 55087.48414873 50.004
  45  93.479705  26.754560    73.512    73.472  6 55097.39979548 47.805
  46  93.478421  26.754667    72.006    71.853  6 55107.31544156 29.894
  47  93.479754  26.754685    72.874    72.827  6 55117.23108727 48.970
  48  93.481055  26.752709    71.679    71.609  5 55127.14673022 48.669
  49  93.482148  26.752307    70.315    70.214  4 55137.06237104 49.778
  50  93.482584  26.752800    69.751    69.472  4 55146.97800986 50.814
  51  93.482184  26.751679    71.239    71.234  4 55156.89364734 46.980
  52  93.483411  26.752022    69.629    69.427  3 55166.80928519 46.769
  53  93.485124  26.750815    69.334    69.226  4 55176.72492235 48.496
  54  93.486302  26.750828    69.048    69.037  3 55186.64056515 50.067
  55  93.483824  26.752303    68.859    68.789  4 55196.55621619 45.486
  56  93.480267  26.753804    68.305    68.205  5 55206.47186613 49.288
  57  93.477656  26.754840    68.193    68.128  6 55216.38751561 40.681
  58  93.477089  26.756358    67.808    67.794  6 55226.30316484 44.486
  59  93.477313  26.754708    67.992    67.860  6 55236.21881108 43.604
  60  93.479346  26.753993    68.114    68.198  6 55246.13445416 43.346
  61  93.479922  26.753691    68.182    68.212  6 55256.05009432 44.458
  62  93.479150  26.754366    69.610    69.663  6 55265.96573300 42.585
  63  93.478391  26.754143    68.803    68.770  6 55275.88137055 43.620
  64  93.480958  26.754700    71.642    71.684  5 55285.79700758 38.262
  65  93.484614  26.751598    72.318    72.297  4 55295.71264198 39.105
  66  93.487257  26.750194    71.820    71.807  3 55305.62828107 44.998
  67  93.486309  26.751335    73.261    73.275  3 55315.54392800 48.645
  68  93.484463  26.752689    72.193    72.190  4 55325.45957358 48.171
  69  93.482330  26.752416    73.602    73.582  4 55335.37521781 46.730
  70  93.481687  26.753031    73.335    73.371  5 55345.29086199 49.530
  71  93.481971  26.753191    74.986    74.983  4 55355.20650520 43.460
  72  93.481936  26.751926    73.929    73.938  4 55365.12214594 36.207
  73  93.482553  26.751686    74.986    74.989  4 55375.03778524 46.609
  74  93.483454  26.751437    74.629    74.647  4 55384.95342328 40.027
  75  93.484655  26.750856    74.887    74.885  3 55394.86906031 46.812
  76  93.486986  26.750741    74.863    74.862  3 55404.78469916 49.976
  77  93.486018  26.751435    74.514    74.516  3 55414.70035037 40.166
  78  93.484846  26.751038    74.080    74.074  4 55424.61599838 49.402
  79  93.484014  26.751690    75.288    75.186  3 55434.53164421 46.091
  80  93.482461  26.753398    74.771    74.801  4 55444.44728898 51.071
  81  93.480342  26.753170    74.825    74.796  5 55454.36293237 50.059
  82  93.480757  26.754088    73.995    74.068  5 55464.27857549 46.077
  83  93.482779  26.752691    72.969    72.965  4 55474.19421574 46.286
  84  93.485102  26.750484    72.776    72.690  3 55484.10985285 44.122
  85  93.487342  26.750613    71.604    71.789  3 55494.02548816 29.525
  86  93.487631  26.748877    70.859    70.832  3 55503.94112152 48.188
  87  93.485588  26.751436    70.599    70.551  4 55513.85677015 51.329
  88  93.483945  26.752819    70.931    70.954  4 55523.77241965 48.337
  89  93.482450  26.752801    70.368    70.363  5 55533.68806717 50.852
  90  93.481514  26.753241    69.690    69.587  4 55543.60371318 50.449
  91  93.480206  26.753299    69.428    69.418  5 55553.51935728 52.304
  92  93.479558  26.754650    69.133    69.158  5 55563.43500078 51.343
  93  93.479864  26.753874    68.916    68.954  6 55573.35064343 53.462
  94  93.481837  26.753552    69.219    69.137  5 55583.26628500 51.414
  95  93.483902  26.751624    68.610    68.596  3 55593.18192279 30.760
  96  93.486657  26.751115    68.802    68.712  3 55603.09755747 39.766
  97  93.487785  26.748641    69.086    69.099  3 55613.01318926 35.478
  98  93.488895  26.748952    69.006    69.029  3 55622.92882511 42.027
  99  93.486089  26.751104    69.031    68.928  3 55632.84447769 42.535
 100  93.484550  26.751111    70.411    70.338  3 55642.76012768 42.535
 101  93.484715  26.751567    70.424    70.324  3 55652.67577508 46.044
 102  93.484948  26.751387    70.301    70.202  3 55662.59141826 50.384
 103  93.484176  26.751260    70.689    70.601  4 55672.50705851 50.186
 104  93.483822  26.751910    70.749    70.702  4 55682.42269771 34.954
 105  93.485031  26.752070    71.607    71.511  4 55692.33833552 47.714
 106  93.486653  26.749994    71.353    71.383  4 55702.25397132 39.783
 107  93.487258  26.750091    72.309    72.426  3 55712.16961434 49.639
 108  93.484925  26.751527    73.197    73.179  3 55722.08526397 49.668
 109  93.482329  26.752377    73.568    73.562  4 55732.00091128 50.929
 110  93.481640  26.753988    73.227    73.224  5 55741.91655746 50.424
 111  93.481699  26.753767    74.655    74.659  5 55751.83220201 48.708
 112  93.483576  26.753125    75.206    75.200  4 55761.74784429 44.375
 113  93.485149  26.751486    75.092    75.096  3 55771.66348358 48.756
 114  93.486491  26.750661    75.273    75.273  4 55781.57911964 49.421
 115  93.487759  26.750217    74.878    74.878  3 55791.49475342 53.143
 116  93.488694  26.747230    74.190    74.225  3 55801.41038571 48.986
 117  93.487428  26.750070    72.729    72.670  3 55811.32603677 47.444
 118  93.486569  26.750011    72.961    72.957  4 55821.24168578 51.097
 119  93.487285  26.749764    74.373    74.355  4 55831.15733011 50.937
 120  93.487963  26.749034    72.641    72.551  3 55841.07296966 49.547
 121  93.488021  26.748786    71.221    71.203  3 55850.98860598 42.263
 122  93.488992  26.749903    71.188    71.125  3 55860.90424035 47.739
 123  93.485800  26.751397    70.143    70.094  4 55870.81989258 31.810
 124  93.484743  26.751389    71.030    70.984  4 55880.73554273 25.431
 125  93.485163  26.751197    69.827    69.846  4 55890.65118637 42.513
 126  93.486033  26.750714    69.317    69.359  4 55900.56682430 49.737
 127  93.487595  26.750647    69.688    69.238  3 55910.48245786 49.447
 128  93.483352  26.752191    68.825    68.770  3 55920.39811134 28.170
 129  93.481730  26.753078    68.736    68.567  5 55930.31376411 28.413
 130  93.482216  26.752651    68.650    68.647  4 55940.22941299 28.801
 131  93.482858  26.751976    68.540    68.517  4 55950.14505710 50.132
 132  93.483110  26.752659    68.655    68.545  4 55960.06069713 46.768
 133  93.482721  26.752658    68.467    68.471  4 55969.97633432 30.998
 134  93.483592  26.751779    68.651    68.661  3 55979.89197017 49.420
 135  93.487081  26.751020    70.540    70.404  3 55989.80760534 25.420
 136  93.488353  26.749799    68.665    68.616  3 55999.72324819 31.570
 137  93.486800  26.749690    69.405    69.313  3 56009.63889839 43.401
 138  93.485473  26.751441    70.561    70.450  3 56019.55454504 49.326
 139  93.483030  26.752495    70.025    69.921  3 56029.47018872 39.061
 140  93.481376  26.753010    71.773    71.783  4 56039.38583072 36.653
 141  93.482335  26.753057    73.024    73.009  5 56049.30147085 40.456
 142  93.484286  26.750921    71.546    71.466  4 56059.21710796 50.661
 143  93.487630  26.748529    72.724    72.648  3 56069.13274239 48.993
 144  93.485455  26.750924    72.873    72.863  3 56079.04839375 47.328
 145  93.483079  26.753606    73.785    73.714  4 56088.96404222 51.552
 146  93.480997  26.753094    74.029    74.059  5 56098.87968745 42.719
 147  93.481711  26.752576    74.997    75.005  4 56108.79533055 33.114
 148  93.484879  26.752222    74.744    74.735  4 56118.71095946 41.918
 149  93.487713  26.749711    75.665    75.548  3 56128.62659590 48.152
 150  93.489045  26.747393    75.354    75.356  3 56138.54222899 51.539
 151  93.486697  26.750778    74.499    74.490  3 56148.45787730 53.057
 152  93.483882  26.751816    73.487    73.509  3 56158.37352669 21.694
 153  93.483640  26.752987    74.165    74.126  4 56168.28917529 52.292
 154  93.484488  26.752226    73.485    73.485  4 56178.20482070 44.082
 155  93.485789  26.751447    74.518    74.565  3 56188.12046158 52.965
 156  93.486307  26.750995    75.182    75.183  3 56198.03609885 54.047
 157  93.486073  26.749661    74.940    74.974  3 56207.95173276 51.664
 158  93.487203  26.749266    73.055    73.019  3 56217.86736517 50.579
 159  93.486960  26.749857    71.515    71.440  3 56227.78300937 49.959
 160  93.485572  26.750571    70.635    70.659  4 56237.69866353 48.837
 161  93.484630  26.751573    70.013    70.094  3 56247.61431405 45.812
 162  93.484135  26.752828    69.380    69.307  4 56257.52995984 49.650
 163  93.483053  26.753195    69.013    69.012  4 56267.44560226 50.912
 164  93.482207  26.752353    69.204    69.152  4 56277.36124291 42.622
 165  93.481854  26.753715    68.780    68.580  5 56287.27689168 51.211
 166  93.482147  26.753634    68.127    68.059  4 56297.19254155 45.550
 167  93.482608  26.753488    68.128    68.068  4 56307.10818737 46.829
 168  93.481837  26.752700    67.891    67.893  4 56317.02382980 46.080
 169  93.481300  26.754178    67.800    67.754  5 56326.93947088 45.248
 170  93.481466  26.753429    67.667    67.702  4 56336.85511043 43.873
 171  93.483766  26.751855    68.120    68.086  4 56346.77074840 46.632
 172  93.487246  26.749912    67.759    67.741  3 56356.68638390 47.172
 173  93.486111  26.750109    67.739    67.700  4 56366.60203140 47.860
 176  93.479687  26.754351    70.418    70.449  5 56396.34896975 27.789
 177  93.479957  26.752933    70.371    70.325  5 56406.26461110 49.754
 178  93.482316  26.751520    72.218    72.129  4 56416.18024915 20.953
 179  93.486530  26.750180    73.228    72.631  4 56426.09588245 23.154
 180  93.484609  26.751067    72.119    72.124  4 56436.01153213 50.147
 181  93.481275  26.752807    73.456    73.437  5 56445.92718364 49.650
 182  93.479841  26.754993    72.978    72.994  6 56455.84283295 51.592
 183  93.479497  26.754640    72.621    72.598  5 56465.75847874 52.354
 184  93.480731  26.752761    74.545    74.609  5 56475.67412062 50.505
 185  93.483230  26.751281    75.180    75.146  4 56485.58975929 48.927
 186  93.485076  26.750667    75.243    75.234  3 56495.50539544 52.664
 187  93.486575  26.750276    74.787    74.790  3 56505.42103015 52.195
 188  93.489346  26.749599    74.621    74.616  3 56515.33666356 50.333
 189  93.487133  26.750355    73.578    73.633  3 56525.25231769 51.322
 190  93.485569  26.750043    73.454    73.457  3 56535.16796874 49.405
 192  93.482371  26.751668    72.688    72.609  4 56554.99926047 48.372
 193  93.481863  26.753861    72.573    72.574  5 56564.91490348 50.733
 194  93.481443  26.753008    72.288    72.227  5 56574.83054446 50.271
 195  93.483353  26.751843    71.131    71.149  4 56584.74618272 51.204
 196  93.487172  26.750831    70.687    70.640  3 56594.66181839 32.328
 197  93.484287  26.750864    70.543    70.569  4 56604.57747112 50.829
 198  93.483220  26.753446    69.900    69.846  4 56614.49311991 49.501
 199  93.482022  26.752868    69.132    69.032  4 56624.40876441 37.165
 200  93.482601  26.753382    69.031    68.833  4 56634.32440660 44.548
 201  93.484534  26.750907    69.031    69.064  4 56644.24004347 46.974
 202  93.482888  26.751712    68.604    68.576  4 56654.15569692 46.818
 203  93.482224  26.752859    68.392    68.315  5 56664.07134612 43.725
 204  93.481684  26.754006    68.092    68.088  5 56673.98699236 45.058
 205  93.481056  26.754762    67.752    67.854  5 56683.90263704 45.674
 206  93.481388  26.753984    67.739    67.744  5 56693.81827929 43.646
 207  93.483620  26.751932    67.989    67.840  3 56703.73391712 50.328
 208  93.487142  26.750108    68.159    68.178  3 56713.64954987 46.860
 209  93.484763  26.751738    68.180    68.113  3 56723.56519902 48.775
 210  93.481226  26.754081    68.051    67.995  5 56733.48084980 47.219
 211  93.478683  26.754962    68.139    68.218  6 56743.39649713 39.297
 212  93.478843  26.754222    69.213    69.282  6 56753.31214010 46.575
 213  93.482133  26.753125    69.393    69.357  5 56763.22777789 36.928
 214  93.485483  26.750347    69.769    69.823  3 56773.14341079 43.686
 215  93.481808  26.753211    70.093    70.110  4 56783.05906855 47.862
 216  93.478270  26.755104    73.742    73.734  6 56792.97472226 45.798
 217  93.475576  26.755857    72.534    72.572  7 56802.89037286 51.354
 218  93.477215  26.756255    72.282    72.273  6 56812.80601578 49.689
 219  93.479022  26.753642    73.627    73.628  6 56822.72165457 50.236
 220  93.482373  26.752282    74.775    74.776  4 56832.63728962 50.748
 221  93.485540  26.749914    74.665    74.673  3 56842.55292121 52.902
 222  93.486613  26.750591    74.343    74.335  3 56852.46856136 51.432
 223  93.483043  26.751198    74.842    74.857  4 56862.38421557 52.352
 224  93.481148  26.752617    74.277    74.236  5 56872.29986960 52.067
 225  93.480593  26.753898    74.480    74.460  6 56882.21552066 52.594
 226  93.479976  26.754300    75.507    75.513  5 56892.13116786 32.835
 227  93.478526  26.754770    74.776    74.755  7 56902.04681176 53.008
 228  93.476967  26.756225    74.045    74.057  6 56911.96245373 46.047
 229  93.477117  26.755876    73.607    73.570  7 56921.87809373 51.158
 230  93.479792  26.754440    73.951    73.880  6 56931.79373148 53.740
 231  93.484602  26.752334    71.913    71.871  4 56941.70936414 52.447
 232  93.485801  26.750325    71.351    71.232  3 56951.62500567 49.512
 233  93.483667  26.752916    70.445    70.473  4 56961.54065721 51.182
 234  93.480968  26.753359    69.791    69.703  5 56971.45630356 50.973
 235  93.481311  26.754159    69.611    69.603  5 56981.37194637 48.361
 236  93.483457  26.752015    69.510    69.472  4 56991.28758438 30.874
 237  93.488167  26.748760    69.324    69.072  3 57001.20321601 46.012
 238  93.485631  26.751440    69.189    69.191  3 57011.11887437 32.921
 239  93.483121  26.752663    68.883    68.793  4 57021.03452637 34.886
 240  93.481078  26.753881    68.654    68.313  5 57030.95017522 46.088
 241  93.480396  26.754516    68.123    68.159  5 57040.86582202 45.546
 242  93.480870  26.753804    68.201    68.406  5 57050.78146649 44.380
 243  93.483412  26.753135    68.389    68.383  4 57060.69710704 35.412
 244  93.485576  26.751175    68.067    68.045  4 57070.61274181 47.832
 245  93.486886  26.749373    67.399    67.354  3 57080.52837241 35.377
 246  93.485732  26.750427    69.485    69.497  3 57090.44401343 49.174
 247  93.481585  26.754054    69.350    69.455  5 57100.35967182 26.903
 248  93.479446  26.754125    68.282    68.195  6 57110.27532658 36.311
 249  93.480500  26.753589    70.940    70.961  5 57120.19097589 39.882
 250  93.481585  26.753081    69.705    69.720  4 57130.10661923 48.419
 251  93.482259  26.752884    71.380    71.432  5 57140.02225705 48.942
 252  93.483184  26.752327    71.198    71.179  3 57149.93789107 49.522
 253  93.485962  26.750316    71.398    71.400  3 57159.85352190 50.623
 254  93.485658  26.751199    73.293    73.289  3 57169.76917370 49.522
 255  93.484643  26.751636    73.683    73.686  3 57179.68482882 52.912
 256  93.483524  26.752115    75.630    75.640  4 57189.60047997 52.470
 257  93.482052  26.753128    74.786    74.793  4 57199.51612776 53.958
 258  93.480868  26.754208    75.035    74.996  5 57209.43176216 54.000
 259  93.480967  26.754752    73.990    73.992  5 57219.34740671 53.567
 260  93.481716  26.753184    73.806    73.805  5 57229.26304989 46.239
 261  93.483277  26.752105    72.729    72.538  4 57239.17869100 51.628
 262  93.484910  26.751116    72.948    72.896  4 57249.09432901 39.988
 263  93.485834  26.750599    75.105    75.083  3 57259.00996445 52.715
 264  93.486437  26.750132    75.927    75.920  3 57268.92559844 49.955
 265  93.484131  26.751031    74.013    74.014  4 57278.84124858 51.919
 266  93.482626  26.752109    74.340    74.326  4 57288.75690430 52.403
 267  93.482418  26.753222    72.797    72.727  4 57298.67255731 52.166
 268  93.481976  26.752602    72.191    72.299  5 57308.58820650 50.919
 269  93.480924  26.754348    70.955    70.693  5 57318.50385272 50.384
 270  93.478944  26.754939    70.388    70.409  6 57328.41949574 47.529
 271  93.478562  26.754305    70.246    70.276  6 57338.33513659 37.526
 272  93.478404  26.754224    69.889    70.054  6 57348.25078564 40.129
 273  93.480097  26.754190    69.520    69.525  5 57358.16643253 39.884
 274  93.481198  26.752677    69.045    69.196  5 57368.08207569 36.127
 275  93.482269  26.753434    68.867    68.669  4 57377.99771610 49.555
 276  93.482638  26.752533    68.865    68.776  4 57387.91335419 45.226
 277  93.484415  26.751555    68.577    68.603  4 57397.82899144 48.381
 278  93.487686  26.750442    68.295    68.252  3 57407.74462732 50.090
 279  93.485699  26.750081    68.233    68.078  3 57417.66027942 45.295
 280  93.484042  26.752192    68.208    68.031  4 57427.57593032 37.138
 281  93.481463  26.754293    68.237    68.055  5 57437.49157864 43.132
 282  93.479057  26.754770    68.625    68.586  6 57447.40722535 48.064
 283  93.477976  26.754107    69.399    68.997  6 57457.32287097 21.023
 284  93.480246  26.754461    69.447    69.434  6 57467.23851453 43.030
 285  93.483470  26.752300    68.950    68.925  3 57477.15415365 47.546
 286  93.486216  26.750967    70.215    70.204  3 57487.06978947 33.231
 287  93.487713  26.749386    71.506    71.563  3 57496.98542264 50.321
 288  93.488464  26.750031    72.821    72.820  3 57506.90105989 51.874
 289  93.484298  26.751104    71.750    71.722  3 57516.81671551 48.791
 290  93.482877  26.751327    73.465    73.435  4 57526.73236842 47.239
 291  93.483593  26.752239    73.172    73.135  4 57536.64801915 51.863
 292  93.483683  26.753157    72.291    72.291  4 57546.56366723 51.379
 293  93.482073  26.752723    74.017    73.983  5 57556.47931348 47.583
 294  93.481163  26.753739    74.928    74.887  5 57566.39495901 48.258
 295  93.481382  26.754759    75.687    75.681  5 57576.31060399 47.298
 296  93.481717  26.753809    75.233    75.130  5 57586.22624759 28.627
 297  93.482058  26.752346    76.647    76.604  4 57596.14188882 44.779
