#   38.015  -0.699   1.703 ;Mean Elev.(m), Avg Gradient(m/km), RMS Gradient(m/km) - SRTM1     
#   32.496   0.208   2.169 ;Mean Elev.(m), Avg Gradient(m/km), RMS Gradient(m/km) - ASTER GDEM
#   38.297   0.064   1.346 ;Mean Elev.(m), Avg Gradient(m/km), RMS Gradient(m/km) - GMTED2010 
   1  91.030536  26.228597    41.444    41.435  3 54665.51015571 45.718
   2  91.029078  26.230055    41.846    41.844  3 54675.42579972 53.603
   3  91.029600  26.230033    34.603    34.612  3 54685.34144299 27.739
   4  91.031459  26.231060    41.486    41.515  3 54695.25708481 48.009
   5  91.034195  26.230874    40.288    40.280  3 54705.17272452 38.761
   6  91.031783  26.229225    42.355    42.251  3 54715.08837671 46.972
   7  91.028101  26.228626    40.786    40.786  2 54725.00402689 52.772
   8  91.024191  26.227895    39.926    39.926  2 54734.91967485 28.423
   9  91.022518  26.226483    39.398    39.133  3 54744.83532184 30.354
  10  91.022106  26.227053    38.623    38.623  2 54754.75096799 45.813
  11  91.022913  26.227612    37.258    37.258  2 54764.66661314 36.676
  12  91.023697  26.227430    37.984    37.984  2 54774.58225568 51.042
  13  91.023993  26.227126    36.826    36.828  3 54784.49789574 48.851
  14  91.024674  26.228050    36.127    36.127  2 54794.41353403 37.669
  15  91.027534  26.229009    35.868    35.866  3 54804.32917198 41.079
  16  91.031120  26.229746    35.576    35.511  3 54814.24480976 39.613
  17  91.031228  26.229897    35.591    35.670  3 54824.16045507 39.115
  18  91.027891  26.229249    35.328    35.258  3 54834.07609529 41.713
  19  91.025012  26.227365    34.884    34.884  2 54843.99174570 43.593
  20  91.023173  26.226949    34.783    34.783  2 54853.90739477 37.031
  21  91.023137  26.226376    34.936    34.882  3 54863.82304361 41.461
  22  91.023040  26.226690    34.937    34.966  3 54873.73869189 37.668
  23  91.022798  26.227283    34.759    34.759  2 54883.65433764 40.101
  24  91.022111  26.226579    34.842    34.842  2 54893.56998021 43.187
  25  91.022880  26.221464    34.849    34.811  3 54903.48562122 51.730
  26  91.023649  26.219273    35.119    35.146  4 54913.40126062 48.085
  27  91.024930  26.219615    35.107    35.109  4 54923.31689903 43.159
  28  91.024818  26.226833    35.606    35.606  2 54933.23253527 42.641
  29  91.027751  26.229289    36.147    36.149  3 54943.14817089 45.021
  30  91.030815  26.229852    37.013    36.944  3 54953.06380488 30.853
  31  91.029698  26.228261    37.229    37.208  3 54962.97944915 31.696
  32  91.027082  26.228152    37.114    37.099  3 54972.89509744 49.537
  33  91.026830  26.228132    38.727    38.727  2 54982.81074476 50.922
  34  91.027822  26.228545    37.981    37.919  3 54992.72639174 29.002
  35  91.027596  26.228903    38.819    38.613  3 55002.64203771 23.051
  36  91.026710  26.227964    39.756    39.757  3 55012.55768203 50.670
  37  91.025313  26.228301    41.239    41.239  2 55022.47332473 53.152
  38  91.025285  26.228415    40.152    40.152  2 55032.38896696 34.457
  39  91.027158  26.228007    40.774    40.661  3 55042.30460895 30.554
  40  91.029619  26.230080    41.158    41.174  3 55052.22024910 53.133
  41  91.031654  26.230406    41.615    41.647  3 55062.13588738 52.221
  42  91.029992  26.229226    41.249    41.312  3 55072.05153114 33.103
  43  91.025771  26.228058    39.787    39.787  2 55081.96717964 38.760
  44  91.023253  26.226503    39.382    39.382  2 55091.88282653 25.711
  45  91.022807  26.225692    39.861    39.861  2 55101.79847282 54.986
  46  91.022817  26.227469    38.288    38.288  2 55111.71411817 40.591
  47  91.024821  26.226232    38.877    38.877  2 55121.62976213 54.061
  48  91.024738  26.227609    37.946    37.888  3 55131.54540257 51.167
  49  91.024423  26.227124    36.914    36.854  3 55141.46104151 47.701
  50  91.024207  26.228016    36.328    36.328  2 55151.37667981 32.645
  51  91.026795  26.228171    36.978    36.964  3 55161.29231890 44.405
  52  91.030135  26.229524    36.018    36.018  2 55171.20795753 34.847
  53  91.033659  26.229442    35.800    35.848  3 55181.12359498 37.974
  54  91.030639  26.229181    35.637    35.653  3 55191.03924412 36.148
  55  91.026780  26.227784    35.335    35.320  3 55200.95489459 33.051
  56  91.024703  26.226497    35.335    35.335  2 55210.87054431 42.977
  57  91.023822  26.227916    35.131    35.131  2 55220.78619297 45.133
  58  91.023995  26.227259    35.133    35.133  2 55230.70184095 45.285
  59  91.023990  26.227126    35.007    35.007  2 55240.61748559 32.095
  60  91.022624  26.226651    35.223    35.202  3 55250.53312660 44.244
  61  91.022295  26.223373    35.683    35.244  5 55260.44876620 25.453
  62  91.024711  26.218840    36.006    35.953  4 55270.36440572 50.235
  63  91.023190  26.227101    35.681    35.681  2 55280.28004242 46.995
  64  91.026772  26.227375    37.831    37.831  2 55290.19567998 44.840
  65  91.029684  26.229604    38.439    38.245  3 55300.11131475 49.894
  66  91.028418  26.229075    40.191    40.225  3 55310.02696053 27.927
  67  91.026179  26.227820    40.301    40.218  3 55319.94260644 27.281
  68  91.024577  26.227301    33.146    33.146  2 55329.85825091 16.331
  69  91.024813  26.227614    40.468    40.450  3 55339.77389497 52.622
  70  91.026850  26.227676    40.621    40.621  2 55349.68953889 31.068
  71  91.028310  26.228625    41.029    41.029  2 55359.60518054 45.497
  72  91.028200  26.229375    41.193    41.257  3 55369.52081996 54.922
  73  91.028814  26.228311    41.962    42.000  3 55379.43645848 50.329
  74  91.029602  26.229143    41.655    41.646  3 55389.35209612 46.317
  75  91.031740  26.230761    88.929    88.911  3 55399.26773286 15.137
  76  91.032619  26.230103    41.340    41.335  3 55409.18337965 49.919
  77  91.030367  26.228754    40.666    40.706  3 55419.09903056 50.333
  78  91.026564  26.228315    40.527    40.588  3 55429.01467774 36.411
  79  91.024018  26.226698    41.567    41.567  2 55438.93032242 49.337
  80  91.022707  26.227316    41.795    41.795  2 55448.84596514 51.214
  81  91.023571  26.227888    41.455    41.455  2 55458.76160762 54.869
  82  91.025532  26.227956    40.819    40.819  3 55468.67724947 52.198
  83  91.027543  26.228182    39.498    39.498  2 55478.59288804 47.896
  84  91.028655  26.229673    39.103    39.117  3 55488.50852340 47.523
  85  91.030192  26.229765    38.529    38.424  3 55498.42415705 45.004
  86  91.031021  26.228869    37.482    37.413  3 55508.33979619 43.057
  87  91.029188  26.228360    37.142    37.136  3 55518.25544668 41.844
  88  91.028294  26.229133    37.061    37.061  2 55528.17109617 39.053
  89  91.027796  26.228855    36.655    36.393  3 55538.08674402 39.540
  90  91.027109  26.227873    36.254    36.254  2 55548.00238966 42.227
  91  91.025908  26.226875    35.915    35.915  2 55557.91803328 42.835
  92  91.025263  26.227526    36.008    35.800  3 55567.83367557 40.288
  93  91.026739  26.227361    35.669    35.669  2 55577.74931727 35.869
  94  91.028002  26.228501    35.664    35.664  2 55587.66495647 39.531
  95  91.029505  26.229373    35.604    35.604  2 55597.58059268 41.643
  96  91.030736  26.229135    35.852    35.974  3 55607.49622640 41.594
  97  91.031935  26.229728    36.115    36.116  3 55617.41185824 42.280
  98  91.030671  26.230418    36.015    35.646  3 55627.32750319 43.061
  99  91.029773  26.228730    36.293    36.236  3 55637.24315542 41.231
 100  91.028623  26.228566    37.983    37.983  2 55647.15880533 43.246
 101  91.027128  26.227934    37.189    37.189  2 55657.07445242 43.948
 102  91.026072  26.227395    37.352    37.352  2 55666.99009512 44.274
 103  91.025917  26.227632    38.342    38.341  3 55676.90573463 43.357
 104  91.027386  26.228548    38.061    38.122  3 55686.82137203 39.433
 105  91.030590  26.228455    38.413    38.390  3 55696.73700847 47.621
 106  91.034115  26.229427    38.551    38.549  3 55706.65264336 48.018
 107  91.032354  26.229549    87.014    86.938  3 55716.56829297 22.268
 108  91.029897  26.229077    39.738    39.708  3 55726.48394121 48.357
 109  91.028466  26.228030    39.956    39.919  3 55736.39958809 44.198
 110  91.027513  26.228134    40.789    40.789  2 55746.31523367 51.209
 111  91.027565  26.227891    41.336    41.342  3 55756.23087765 51.811
 112  91.027828  26.228785    42.042    42.054  3 55766.14651895 50.788
 113  91.028146  26.229095    41.323    41.311  3 55776.06215747 30.436
 114  91.028594  26.229075    40.988    40.988  2 55785.97779305 29.699
 115  91.029889  26.230571    41.310    41.214  3 55795.89342625 53.467
 116  91.031634  26.230273    39.575    39.502  3 55805.80906622 30.728
 117  91.032001  26.228906    39.699    39.708  3 55815.72471525 53.711
 118  91.031733  26.228928    39.896    39.899  3 55825.64036115 52.066
 119  91.031035  26.229395    40.538    40.598  3 55835.55600247 52.245
 120  91.030586  26.229806    38.770    38.759  3 55845.47164048 50.945
 121  91.031931  26.230657    37.874    37.914  3 55855.38727610 37.016
 122  91.033649  26.229441    37.768    37.740  3 55865.30291738 53.898
 123  91.030750  26.231007    37.209    37.252  3 55875.21857014 43.414
 124  91.030683  26.229599    36.835    36.835  2 55885.13421808 35.749
 125  91.030421  26.230351    36.590    36.546  3 55895.04985961 51.671
 126  91.031808  26.230997    36.194    36.196  3 55904.96549589 34.098
 127  91.031913  26.230847    36.322    36.311  3 55914.88113726 45.892
 128  91.029295  26.228951    36.083    36.082  3 55924.79679115 48.995
 129  91.027974  26.228030    36.270    36.209  3 55934.71244163 45.491
 130  91.026705  26.227797    35.974    35.970  3 55944.62808729 39.792
 131  91.025542  26.227906    36.399    36.228  3 55954.54372857 51.922
 132  91.025229  26.227625    35.854    35.854  2 55964.45936739 47.989
 133  91.026136  26.228042    36.164    36.132  3 55974.37500493 50.501
 134  91.029290  26.229077    36.179    36.179  2 55984.29064166 48.565
 135  91.034250  26.229466    36.203    36.140  3 55994.20627645 38.995
 136  91.031388  26.230305    36.269    36.167  3 56004.12192765 31.742
 137  91.028348  26.227952    36.208    36.218  3 56014.03757700 33.593
 138  91.024877  26.227729    36.437    36.437  2 56023.95322251 35.112
 139  91.024896  26.226269    37.518    37.518  2 56033.86886601 50.937
 140  91.026834  26.227947    38.287    38.279  3 56043.78450675 40.804
 141  91.029758  26.229376    39.236    39.236  2 56053.70014482 50.508
 142  91.032819  26.230237    38.288    38.291  3 56063.61577959 40.114
 143  91.032800  26.229362    39.376    39.399  3 56073.53142171 52.251
 144  91.029126  26.228845    40.517    40.512  3 56083.44707120 48.617
 145  91.027642  26.228275    40.825    40.825  2 56093.36271868 48.351
 146  91.027858  26.228630    41.168    41.168  3 56103.27836409 28.927
 147  91.028716  26.228134    41.145    41.176  3 56113.19399537 32.406
 148  91.028788  26.229740    41.801    41.863  3 56123.10963398 52.341
 149  91.030091  26.229172    41.853    41.844  3 56133.02526921 41.146
 150  91.029995  26.229402    41.450    41.490  3 56142.94090700 29.677
 151  91.027858  26.228255    40.670    40.549  3 56152.85655742 26.414
 152  91.027502  26.228386    40.720    40.598  3 56162.77220609 53.218
 153  91.028152  26.229141    40.900    40.872  3 56172.68785267 42.571
 154  91.029141  26.229245    39.998    39.998  2 56182.60349454 27.178
 155  91.029105  26.228723    41.783    41.757  3 56192.51913276 49.835
 156  91.028905  26.228418    41.162    41.172  3 56202.43476840 37.994
 157  91.030697  26.229910    40.631    40.666  3 56212.35040231 28.917
 158  91.035829  26.230489    39.252    39.293  3 56222.26603497 50.413
 159  91.034268  26.230978    37.959    37.967  3 56232.18169008 40.722
 160  91.032502  26.229683    37.631    37.658  3 56242.09734303 45.661
 161  91.029542  26.229040    36.968    36.968  2 56252.01299137 47.233
 162  91.027601  26.228988    36.947    36.985  3 56261.92863490 48.732
 163  91.028105  26.227992    36.368    36.401  3 56271.84427655 50.569
 164  91.029044  26.228936    36.174    36.174  2 56281.75991758 36.023
 165  91.027975  26.227883    36.003    36.098  3 56291.67556955 41.330
 166  91.025925  26.228033    35.614    35.614  2 56301.59121675 27.343
 167  91.024479  26.226930    35.799    35.799  2 56311.50686012 46.084
 168  91.023774  26.226673    35.544    35.544  2 56321.42250145 50.091
 169  91.024199  26.228085    35.538    35.538  2 56331.33814220 47.717
 170  91.026839  26.228665    37.692    37.692  2 56341.25378296 25.419
 171  91.029942  26.230254    35.452    35.416  3 56351.16942132 40.243
 172  91.031179  26.230666    35.542    35.547  3 56361.08506078 45.569
 173  91.027449  26.228902    35.454    35.454  2 56371.00071079 40.026
 174  91.023843  26.227963    35.923    35.923  2 56380.91635776 45.497
 175  91.023770  26.226290    36.377    36.377  2 56390.83200273 42.545
 176  91.026131  26.226947    37.786    37.786  2 56400.74764564 43.657
 177  91.029238  26.228038    37.219    37.256  3 56410.66328577 50.130
 178  91.032341  26.228894    39.454    39.472  3 56420.57892111 50.260
 179  91.032383  26.230892    39.199    39.199  3 56430.49455780 48.495
 180  91.028081  26.228562    39.066    39.051  3 56440.41021085 50.292
 181  91.025409  26.227423    39.840    39.812  3 56450.32586151 49.887
 182  91.024669  26.227847    39.067    39.067  2 56460.24150994 27.217
 183  91.024668  26.227745    39.672    39.672  2 56470.15715525 52.888
 184  91.025316  26.227157    41.218    41.223  3 56480.07279692 51.429
 185  91.025877  26.227417    41.540    41.537  3 56489.98843437 50.511
 186  91.027821  26.227827    41.103    41.146  3 56499.90406915 20.054
 187  91.030484  26.230924    40.879    40.934  3 56509.81970189 49.967
 188  91.033070  26.230376    40.652    40.692  3 56519.73534386 33.291
 189  91.030989  26.230830    39.957    39.896  3 56529.65099673 30.090
 190  91.030426  26.228516    40.533    40.549  3 56539.56664629 43.062
 191  91.028243  26.228174    41.074    41.074  2 56549.48229113 49.937
 192  91.026564  26.227456    39.380    39.380  2 56559.39793396 52.681
 193  91.026711  26.227412    38.923    38.923  2 56569.31357614 42.748
 194  91.028506  26.229403    39.284    39.013  3 56579.22921690 49.991
 195  91.033007  26.229984    38.473    38.434  3 56589.14485442 46.780
 196  91.033407  26.230336    38.400    38.366  4 56599.06049914 49.641
 197  91.029719  26.229031    37.920    37.965  3 56608.97615022 49.592
 198  91.027535  26.227815    37.233    37.233  2 56618.89179631 44.959
 199  91.026816  26.228360    37.187    37.187  2 56628.80743878 43.246
 200  91.028649  26.228756    36.418    36.426  3 56638.72307834 37.673
 201  91.029306  26.229514    36.236    36.196  3 56648.63872209 49.657
 202  91.026739  26.228394    36.497    36.640  3 56658.55437335 43.618
 203  91.025070  26.226513    36.178    36.178  2 56668.47002091 43.156
 204  91.024038  26.227235    36.138    36.138  2 56678.38566585 41.274
 205  91.025214  26.227308    35.977    35.893  3 56688.30130993 43.559
 206  91.026886  26.228658    35.530    35.496  3 56698.21695152 31.016
 207  91.030023  26.228366    36.090    36.182  3 56708.13258895 45.433
 208  91.030268  26.229952    35.712    35.674  3 56718.04822665 39.261
 209  91.026479  26.227903    35.920    35.920  2 56727.96387974 41.018
 210  91.023922  26.227403    35.813    35.813  2 56737.87952835 40.117
 211  91.024338  26.226716    36.582    36.582  2 56747.79517343 43.784
 212  91.026600  26.228523    36.204    36.204  2 56757.71081356 39.413
 213  91.031007  26.229453    37.001    37.129  3 56767.62644806 45.858
 214  91.030318  26.229983    37.107    37.122  3 56777.54209245 46.041
 215  91.025938  26.228422    39.895    39.895  2 56787.45774830 26.135
 216  91.022449  26.226323    39.897    39.904  3 56797.37340102 49.082
 217  91.023082  26.221449    38.858    38.798  3 56807.28904952 53.364
 218  91.022627  26.225568    39.392    39.392  2 56817.20469013 50.715
 219  91.024242  26.227095    39.629    39.547  3 56827.12032792 49.769
 220  91.026519  26.228033    41.158    41.158  2 56837.03596254 43.919
 221  91.029707  26.229059    41.053    41.053  2 56846.95159403 49.151
 222  91.028234  26.228172    41.198    41.191  3 56856.86724439 41.319
 223  91.027028  26.227701    88.572    88.572  2 56866.78289739 20.813
 224  91.025631  26.228017    40.523    40.532  3 56876.69854875 29.808
 225  91.024878  26.226432    42.242    42.242  2 56886.61419741 46.527
 226  91.022765  26.227212    42.762    42.762  2 56896.52984278 45.906
 227  91.022041  26.226416    40.803    40.807  3 56906.44548583 48.106
 228  91.022364  26.226747    40.953    40.953  2 56916.36112686 54.055
 229  91.025396  26.226591    40.771    40.771  2 56926.27676651 39.832
 230  91.028711  26.228966    39.946    39.941  3 56936.19240242 51.477
 231  91.033380  26.230542    38.735    38.776  3 56946.10803335 33.061
 232  91.030799  26.228433    38.037    38.125  3 56956.02368648 47.409
 233  91.027352  26.227940    37.486    37.486  2 56965.93933551 41.318
 234  91.026104  26.227929    36.951    36.928  3 56975.85498007 51.844
 235  91.027663  26.227931    36.993    36.673  3 56985.77062027 47.717
 236  91.030983  26.229352    36.455    36.419  3 56995.68625470 51.904
 237  91.032013  26.228907    36.570    36.573  3 57005.60189709 41.374
 238  91.027616  26.228398    36.547    36.547  2 57015.51755151 53.003
 239  91.024973  26.227339    35.980    35.873  3 57025.43320221 35.062
 240  91.024203  26.227890    36.327    36.327  2 57035.34885089 40.847
 241  91.025704  26.227897    35.680    35.512  3 57045.26449746 46.260
 242  91.027173  26.228630    35.488    35.529  3 57055.18014085 51.265
 243  91.028459  26.228376    35.947    35.947  2 57065.09577943 47.099
 244  91.029006  26.229967    35.419    35.378  3 57075.01141280 41.891
 245  91.032519  26.229768    36.671    35.501  3 57084.92704334 32.041
 246  91.030219  26.229422    36.385    36.256  3 57094.84269728 48.519
 247  91.028248  26.228543    36.162    36.017  3 57104.75835361 51.476
 248  91.027461  26.228603    36.355    36.519  3 57114.67400541 28.028
 249  91.027320  26.227798    37.724    37.769  3 57124.58965125 40.955
 250  91.026503  26.228092    37.424    37.454  3 57134.50529158 41.794
 251  91.027817  26.227989    37.851    37.851  2 57144.42092793 48.406
 252  91.030591  26.228905    37.873    37.870  3 57154.33656184 51.043
 253  91.032637  26.230794    39.506    39.489  3 57164.25219904 51.537
 254  91.029716  26.229595    39.611    39.552  3 57174.16785613 34.870
 255  91.027378  26.227553    41.536    41.536  2 57184.08350998 45.585
 256  91.024610  26.227144    41.295    41.383  3 57193.99915944 48.182
 257  91.023208  26.226450    40.745    40.767  3 57203.91480654 24.986
 258  91.023722  26.226799    40.697    40.645  3 57213.83044014 55.581
 259  91.026058  26.227982    40.377    40.370  3 57223.74608351 52.634
 260  91.028361  26.228856    39.913    39.913  2 57233.66172512 44.767
 261  91.029848  26.228244    39.755    39.776  3 57243.57736395 27.739
 262  91.030186  26.228443    40.343    40.357  3 57253.49300007 44.660
 263  91.031559  26.228949    41.540    41.639  3 57263.40863494 43.607
 265  91.032584  26.229547    40.866    40.899  3 57283.23993017 50.030
 266  91.030319  26.230378    41.312    41.327  3 57293.15558481 51.130
 267  91.027848  26.229169    39.188    39.150  3 57303.07123634 40.421
 268  91.025193  26.227571    38.253    38.253  2 57312.98688405 50.225
 269  91.023438  26.226004    37.587    37.587  2 57322.90252840 52.427
 270  91.023499  26.226622    37.007    37.007  2 57332.81817025 49.675
 271  91.025861  26.227730    36.769    36.769  2 57342.73381009 51.933
 272  91.024375  26.227477    36.351    36.351  2 57352.64946203 53.151
 273  91.024199  26.228097    36.110    36.110  2 57362.56510584 40.990
 274  91.024246  26.227965    35.966    35.966  2 57372.48074667 48.393
 275  91.025508  26.227304    35.741    35.809  3 57382.39638614 37.190
 276  91.027734  26.228869    35.567    35.561  3 57392.31202498 51.664
 277  91.031463  26.230793    35.636    35.639  3 57402.22766307 42.556
 278  91.033529  26.230629    35.528    35.545  3 57412.14330673 46.590
 279  91.031015  26.228477    35.405    35.360  3 57422.05895921 52.488
 280  91.026971  26.227738    35.414    35.414  2 57431.97460845 53.686
 281  91.024254  26.228035    35.362    35.362  2 57441.89025549 47.909
 282  91.025184  26.227497    35.730    35.756  3 57451.80590205 42.771
 283  91.027178  26.227771    35.932    35.945  3 57461.72154682 47.419
 284  91.029526  26.229268    36.474    36.474  2 57471.63718784 53.060
 285  91.030599  26.230684    36.724    36.542  3 57481.55282487 39.523
 286  91.031052  26.230693    38.725    38.774  3 57491.46845914 26.063
 287  91.033406  26.229857    98.640    98.778  3 57501.38409196 18.231
 288  91.031960  26.229848    39.704    39.721  3 57511.29974027 50.712
 289  91.029882  26.228246    38.432    38.424  3 57521.21539618 52.947
 290  91.028177  26.228013    40.150    40.150  2 57531.13104936 47.822
 291  91.026151  26.228169    39.473    39.485  3 57541.04669907 50.502
 292  91.024574  26.227517    39.139    39.139  2 57550.96234596 25.881
 293  91.023561  26.227586    40.631    40.631  2 57560.87799106 42.229
 294  91.024546  26.226913    40.933    40.933  2 57570.79363584 46.290
 295  91.025961  26.228034    41.428    41.428  2 57580.70928003 49.476
 296  91.027801  26.228860    41.423    41.420  3 57590.62492258 40.594
 297  91.028692  26.228726    42.136    42.158  3 57600.54056256 49.803
